4 0.5024038461538461 0.25662650602409637 0.12980769230769232 0.15180722891566265
4 0.49158653846153844 0.06746987951807229 0.11057692307692307 0.13253012048192772
4 0.7704326923076923 0.23373493975903614 0.12259615384615384 0.13012048192771083
2 0.7932692307692307 0.14337349397590363 0.07692307692307693 0.03855421686746988
4 0.7548076923076923 0.06265060240963856 0.14903846153846154 0.12530120481927712
4 0.9435096153846154 0.2325301204819277 0.08413461538461539 0.12048192771084337
4 0.9266826923076923 0.03855421686746988 0.0889423076923077 0.07710843373493977
2 0.8016826923076923 0.9590361445783132 0.10336538461538461 0.04819277108433735
2 0.7752403846153846 0.6313253012048192 0.10817307692307693 0.12048192771084337
4 0.8149038461538461 0.7686746987951807 0.16105769230769232 0.13493975903614458
4 0.8197115384615384 0.8843373493975903 0.18028846153846154 0.12530120481927712
4 0.29927884615384615 0.5481927710843374 0.09615384615384616 0.11566265060240964
4 0.4254807692307692 0.6120481927710844 0.16826923076923078 0.21445783132530122
2 0.4098557692307692 0.4734939759036145 0.09615384615384616 0.09397590361445783
4 0.8329326923076923 0.36987951807228914 0.12259615384615384 0.1180722891566265
4 0.9254807692307693 0.4746987951807229 0.14903846153846154 0.12048192771084337
4 0.6213942307692307 0.38433734939759034 0.07451923076923077 0.14457831325301204
4 0.7920673076923077 0.5445783132530121 0.17548076923076922 0.17590361445783131
4 0.4014423076923077 0.7759036144578313 0.1201923076923077 0.1108433734939759
4 0.40384615384615385 0.9168674698795181 0.14423076923076922 0.11566265060240964