4 0.5283203125 0.2578125 0.125 0.146484375
4 0.537109375 0.0693359375 0.107421875 0.12890625
4 0.796875 0.2626953125 0.119140625 0.126953125
2 0.8291015625 0.17578125 0.076171875 0.03515625
4 0.80078125 0.0849609375 0.14453125 0.130859375
4 0.9638671875 0.2802734375 0.072265625 0.119140625
4 0.9658203125 0.068359375 0.068359375 0.10546875
2 0.751953125 0.982421875 0.1015625 0.03515625
2 0.7587890625 0.6591796875 0.103515625 0.1171875
4 0.78515625 0.7998046875 0.15625 0.12890625
4 0.7783203125 0.916015625 0.17578125 0.119140625
4 0.2958984375 0.5263671875 0.09375 0.11328125
4 0.4140625 0.603515625 0.162109375 0.208984375
2 0.4130859375 0.46484375 0.09375 0.091796875
4 0.8447265625 0.4052734375 0.1171875 0.11328125
4 0.9267578125 0.5185546875 0.146484375 0.115234375
4 0.6328125 0.3974609375 0.0703125 0.14453125
4 0.7861328125 0.57421875 0.16796875 0.169921875
4 0.373046875 0.763671875 0.1171875 0.107421875
4 0.3603515625 0.9033203125 0.140625 0.111328125