4 0.51953125 0.2568359375 0.1201171875 0.142578125
4 0.5224609375 0.068359375 0.1025390625 0.125
4 0.7880859375 0.2529296875 0.115234375 0.123046875
2 0.8173828125 0.1640625 0.0751953125 0.033203125
4 0.7861328125 0.0751953125 0.1396484375 0.126953125
4 0.9609375 0.2646484375 0.0771484375 0.1162109375
4 0.958984375 0.0517578125 0.08203125 0.103515625
2 0.7685546875 0.9794921875 0.1005859375 0.041015625
2 0.7646484375 0.650390625 0.099609375 0.1142578125
4 0.7958984375 0.7900390625 0.15234375 0.1240234375
4 0.79296875 0.90625 0.1728515625 0.11328125
4 0.296875 0.533203125 0.08984375 0.1103515625
4 0.41796875 0.6064453125 0.154296875 0.2041015625
2 0.412109375 0.4677734375 0.0908203125 0.087890625
4 0.8408203125 0.3935546875 0.1142578125 0.109375
4 0.927734375 0.5048828125 0.14453125 0.1103515625
4 0.62890625 0.392578125 0.0654296875 0.1416015625
4 0.7880859375 0.564453125 0.1630859375 0.1650390625
4 0.3818359375 0.767578125 0.1142578125 0.103515625
4 0.375 0.908203125 0.1376953125 0.1064453125