4 0.4638671875 0.2587890625 0.1484375 0.166015625
4 0.4248046875 0.07421875 0.12890625 0.14453125
4 0.7255859375 0.1943359375 0.140625 0.146484375
2 0.7333984375 0.1015625 0.080078125 0.048828125
4 0.68359375 0.048828125 0.1640625 0.09765625
4 0.896484375 0.1669921875 0.1015625 0.130859375
2 0.869140625 0.9072265625 0.107421875 0.0625
2 0.7919921875 0.5869140625 0.123046875 0.1328125
4 0.853515625 0.7158203125 0.17578125 0.154296875
4 0.876953125 0.830078125 0.193359375 0.1484375
4 0.3095703125 0.578125 0.11328125 0.126953125
4 0.4443359375 0.6220703125 0.1953125 0.234375
2 0.4072265625 0.48828125 0.107421875 0.10546875
4 0.80859375 0.3193359375 0.13671875 0.1328125
4 0.9169921875 0.408203125 0.166015625 0.140625
4 0.6015625 0.3662109375 0.095703125 0.15234375
4 0.794921875 0.498046875 0.1953125 0.197265625
4 0.4453125 0.787109375 0.134765625 0.126953125
4 0.4697265625 0.92578125 0.158203125 0.134765625