2 0.2705078125 0.2412109375 0.068359375 0.0654296875
2 0.841796875 0.3623046875 0.0810546875 0.091796875
2 0.169921875 0.3544921875 0.064453125 0.05859375
2 0.427734375 0.08984375 0.078125 0.0703125
2 0.6162109375 0.1064453125 0.0625 0.0732421875
3 0.6875 0.525390625 0.021484375 0.08984375
3 0.5234375 0.498046875 0.0419921875 0.0634765625
3 0.7890625 0.6416015625 0.0390625 0.0830078125
3 0.892578125 0.640625 0.0673828125 0.0625
3 0.115234375 0.513671875 0.0302734375 0.0625
3 0.1103515625 0.546875 0.033203125 0.0546875
3 0.3115234375 0.7607421875 0.033203125 0.05859375