2 0.308837890625 0.1559233449477352 0.0751953125 0.09146341463414634
2 0.85009765625 0.5034843205574913 0.09033203125 0.12195121951219512
2 0.19677734375 0.22560975609756098 0.0703125 0.08275261324041812
2 0.481201171875 0.07099303135888502 0.08447265625 0.09930313588850175
2 0.662841796875 0.16332752613240417 0.06982421875 0.09581881533101046
3 0.6796875 0.6010452961672473 0.03173828125 0.09581881533101046
3 0.522705078125 0.5078397212543554 0.04931640625 0.07926829268292683
3 0.763916015625 0.7547909407665505 0.048828125 0.09668989547038327
3 0.86474609375 0.7952961672473867 0.0732421875 0.08797909407665505
3 0.123046875 0.3593205574912892 0.03759765625 0.07317073170731707
3 0.114501953125 0.38980836236933797 0.0390625 0.06620209059233449
3 0.282958984375 0.679006968641115 0.03955078125 0.07055749128919861