2 0.2451171875 0.2666015625 0.07421875 0.072265625
2 0.8251953125 0.3271484375 0.08984375 0.099609375
2 0.15625 0.3896484375 0.0703125 0.064453125
2 0.3857421875 0.099609375 0.0859375 0.078125
2 0.57421875 0.0966796875 0.0703125 0.080078125
3 0.689453125 0.505859375 0.03125 0.091796875
3 0.5234375 0.49609375 0.048828125 0.068359375
3 0.802734375 0.6103515625 0.046875 0.0859375
3 0.9052734375 0.5986328125 0.07421875 0.068359375
3 0.119140625 0.5537109375 0.037109375 0.064453125
3 0.1171875 0.5869140625 0.0390625 0.05859375
3 0.33984375 0.779296875 0.0390625 0.0625