2 0.275390625 0.2373046875 0.0703125 0.06640625
2 0.84375 0.3681640625 0.08203125 0.09375
2 0.1728515625 0.3486328125 0.06640625 0.060546875
2 0.4345703125 0.0888671875 0.080078125 0.072265625
2 0.623046875 0.1083984375 0.064453125 0.07421875
3 0.6875 0.5283203125 0.0234375 0.08984375
3 0.5234375 0.498046875 0.04296875 0.064453125
3 0.7861328125 0.646484375 0.041015625 0.083984375
3 0.8896484375 0.6474609375 0.068359375 0.064453125
3 0.115234375 0.5068359375 0.03125 0.0625
3 0.109375 0.5400390625 0.033203125 0.0546875
3 0.306640625 0.7578125 0.03515625 0.05859375