2 0.2255859375 0.4609375 0.078125 0.0712890625
2 0.6064453125 0.32421875 0.0400390625 0.0322265625
2 0.68359375 0.369140625 0.0537109375 0.0478515625
2 0.826171875 0.2958984375 0.0419921875 0.037109375
2 0.880859375 0.140625 0.0439453125 0.03125
3 0.3544921875 0.7021484375 0.0322265625 0.05078125
3 0.154296875 0.77734375 0.0263671875 0.0537109375
4 0.8935546875 0.2607421875 0.0791015625 0.150390625
3 0.951171875 0.357421875 0.017578125 0.033203125
2 0.650390625 0.337890625 0.056640625 0.04296875
2 0.734375 0.337890625 0.041015625 0.0361328125
3 0.650390625 0.626953125 0.033203125 0.0322265625