2 0.712890625 0.1513671875 0.08203125 0.0556640625
2 0.44921875 0.15625 0.07421875 0.0537109375
2 0.2939453125 0.173828125 0.0703125 0.044921875
2 0.18359375 0.3212890625 0.0771484375 0.0556640625
2 0.3408203125 0.4091796875 0.0791015625 0.056640625
2 0.4091796875 0.333984375 0.0634765625 0.0625
2 0.48828125 0.2880859375 0.0693359375 0.0615234375
2 0.5322265625 0.3583984375 0.064453125 0.064453125
2 0.591796875 0.291015625 0.0595703125 0.052734375
3 0.79296875 0.5966796875 0.0390625 0.064453125
3 0.53515625 0.697265625 0.037109375 0.0517578125
3 0.1240234375 0.6943359375 0.03125 0.0595703125
3 0.2294921875 0.681640625 0.037109375 0.060546875
3 0.3349609375 0.66796875 0.0380859375 0.048828125
3 0.3642578125 0.6474609375 0.025390625 0.0625
4 0.7109375 0.4208984375 0.1279296875 0.2919921875