2 0.22265625 0.50390625 0.087890625 0.08203125
2 0.5771484375 0.3095703125 0.044921875 0.0390625
2 0.6611328125 0.341796875 0.060546875 0.056640625
2 0.7900390625 0.2470703125 0.046875 0.04296875
2 0.8203125 0.0859375 0.048828125 0.037109375
3 0.3876953125 0.72265625 0.0390625 0.0546875
3 0.2021484375 0.828125 0.03515625 0.056640625
4 0.8515625 0.2021484375 0.1015625 0.16015625
3 0.9228515625 0.2890625 0.0234375 0.03515625
2 0.623046875 0.31640625 0.0625 0.05078125
2 0.7060546875 0.302734375 0.046875 0.04296875
3 0.66796875 0.6015625 0.037109375 0.037109375