2 0.2236328125 0.48046875 0.08203125 0.076171875
2 0.59375 0.3173828125 0.04296875 0.03515625
2 0.673828125 0.3564453125 0.056640625 0.05078125
2 0.8115234375 0.2734375 0.044921875 0.0390625
2 0.8544921875 0.115234375 0.046875 0.03515625
3 0.369140625 0.7119140625 0.03515625 0.052734375
3 0.1748046875 0.80078125 0.029296875 0.0546875
4 0.8759765625 0.2333984375 0.08984375 0.15625
3 0.9404296875 0.326171875 0.01953125 0.03515625
2 0.638671875 0.328125 0.05859375 0.046875
2 0.72265625 0.322265625 0.04296875 0.0390625
3 0.6591796875 0.6162109375 0.03515625 0.03515625