2 0.7119140625 0.154296875 0.083984375 0.068359375
2 0.185546875 0.3330078125 0.0791015625 0.0576171875
2 0.5947265625 0.2919921875 0.064453125 0.0556640625
2 0.44921875 0.1640625 0.068359375 0.052734375
2 0.5322265625 0.3603515625 0.072265625 0.0615234375
2 0.294921875 0.1708984375 0.076171875 0.05078125
2 0.34375 0.408203125 0.0712890625 0.064453125
2 0.404296875 0.333984375 0.0712890625 0.0859375
2 0.4931640625 0.283203125 0.0595703125 0.0595703125
4 0.7197265625 0.4462890625 0.1650390625 0.345703125
4 0.291015625 0.3515625 0.109375 0.14453125
3 0.5400390625 0.69140625 0.0419921875 0.0693359375
3 0.1201171875 0.69140625 0.0322265625 0.0712890625
3 0.2255859375 0.6806640625 0.0400390625 0.064453125
3 0.3291015625 0.666015625 0.0439453125 0.05078125
3 0.365234375 0.6494140625 0.0322265625 0.072265625
3 0.45703125 0.6943359375 0.02734375 0.0634765625
3 0.5205078125 0.6826171875 0.033203125 0.0537109375
3 0.6357421875 0.6337890625 0.0322265625 0.0615234375
3 0.79296875 0.595703125 0.0439453125 0.0693359375