2 0.7502480158730159 0.2027116402116402 0.09126984126984126 0.08531746031746032
2 0.2088293650793651 0.2691798941798942 0.08482142857142858 0.07341269841269842
2 0.6178075396825397 0.31415343915343913 0.07043650793650794 0.06878306878306878
2 0.4888392857142857 0.15773809523809523 0.07341269841269842 0.06613756613756613
2 0.5481150793650794 0.3687169312169312 0.07886904761904762 0.07605820105820106
2 0.33606150793650796 0.13260582010582012 0.08085317460317461 0.06547619047619048
2 0.3566468253968254 0.37632275132275134 0.07787698412698413 0.0787037037037037
2 0.42485119047619047 0.31613756613756616 0.08035714285714286 0.09986772486772487
2 0.5183531746031746 0.2843915343915344 0.06597222222222222 0.07142857142857142
4 0.722718253968254 0.49272486772486773 0.20386904761904762 0.37632275132275134
4 0.31125992063492064 0.30952380952380953 0.12549603174603174 0.16600529100529102
3 0.5171130952380952 0.6977513227513228 0.049107142857142856 0.07738095238095238
3 0.10243055555555555 0.609457671957672 0.04017857142857143 0.07671957671957672
3 0.20808531746031747 0.6213624338624338 0.04662698412698413 0.07208994708994709
3 0.31200396825396826 0.628968253968254 0.0496031746031746 0.05952380952380952
3 0.3489583333333333 0.6197089947089947 0.040674603174603176 0.07804232804232804
3 0.43427579365079366 0.6825396825396826 0.03422619047619048 0.06878306878306878
3 0.4990079365079365 0.6848544973544973 0.03869047619047619 0.06018518518518518
3 0.6187996031746031 0.6607142857142857 0.039186507936507936 0.06746031746031746
3 0.7780257936507936 0.6557539682539683 0.052083333333333336 0.07804232804232804