2 0.7123214285714285 0.15409391534391534 0.08417162698412702 0.0684325396825397
2 0.18528769841269843 0.3326521164021164 0.07888392857142856 0.05785052910052912
2 0.5945585317460318 0.2918981481481482 0.06449900793650803 0.055701058201058216
2 0.44875 0.16417328042328042 0.06816964285714289 0.05231481481481479
2 0.5321875 0.360244708994709 0.07243551587301592 0.06190476190476188
2 0.29486111111111113 0.17122354497354497 0.0760615079365079 0.0504695767195767
2 0.3439831349206349 0.4078373015873016 0.07127976190476193 0.06472222222222215
2 0.404265873015873 0.333994708994709 0.07109623015873012 0.08597883597883597
2 0.49272321428571425 0.283287037037037 0.059523809523809465 0.05952380952380952
4 0.7192460317460317 0.44642857142857145 0.16534226190476187 0.3461177248677248
4 0.29119047619047617 0.3511640211640212 0.10974702380952381 0.1447883597883598
3 0.540203373015873 0.6915939153439153 0.041651785714285613 0.0697817460317461
3 0.12020337301587303 0.6910185185185185 0.03207341269841271 0.07093915343915351
3 0.22597718253968255 0.6806613756613757 0.0398015873015873 0.06445105820105816
3 0.3293700396825397 0.6664550264550263 0.044141865079365086 0.05072089947089943
3 0.36481150793650796 0.6496230158730159 0.03240575396825393 0.07214285714285709
3 0.45660218253968254 0.6940079365079365 0.027311507936507908 0.06359788359788357
3 0.5206448412698412 0.6826388888888889 0.032832341269841296 0.053703703703703656
3 0.6361111111111112 0.6340343915343916 0.03240079365079373 0.061170634920634924
3 0.7928422619047618 0.5959259259259259 0.04427579365079376 0.06941137566137569