2 0.775 0.1984375 0.090625 0.0703125
2 0.515625 0.15234375 0.0828125 0.0671875
2 0.359375 0.140625 0.078125 0.0578125
2 0.2234375 0.2640625 0.0859375 0.06875
2 0.3609375 0.38046875 0.0890625 0.0703125
2 0.44296875 0.31953125 0.0734375 0.0734375
2 0.52890625 0.2890625 0.0796875 0.0734375
2 0.55859375 0.3671875 0.075 0.075
2 0.63046875 0.31171875 0.06875 0.0625
3 0.76953125 0.65078125 0.05 0.0703125
3 0.496875 0.70078125 0.0453125 0.0578125
3 0.09375 0.61875 0.0421875 0.0640625
3 0.2 0.62734375 0.0484375 0.0671875
3 0.30625 0.63359375 0.046875 0.0546875
3 0.33828125 0.61875 0.0359375 0.065625
4 0.721875 0.4625 0.18125 0.3109375