2 0.6484375 0.123046875 0.09375 0.08203125
2 0.1611328125 0.390625 0.087890625 0.0703125
2 0.5576171875 0.2783203125 0.072265625 0.06640625
2 0.3916015625 0.177734375 0.076171875 0.064453125
2 0.5078125 0.3564453125 0.08203125 0.072265625
2 0.2412109375 0.2119140625 0.083984375 0.0625
2 0.330078125 0.4365234375 0.08203125 0.076171875
2 0.376953125 0.353515625 0.0859375 0.09765625
2 0.4560546875 0.2880859375 0.068359375 0.068359375
4 0.70703125 0.4091796875 0.22265625 0.369140625
4 0.2685546875 0.3896484375 0.1328125 0.162109375
3 0.572265625 0.681640625 0.052734375 0.076171875
3 0.1591796875 0.7548828125 0.044921875 0.076171875
3 0.2607421875 0.7255859375 0.05078125 0.0703125
3 0.3603515625 0.693359375 0.052734375 0.05859375
3 0.3935546875 0.6708984375 0.044921875 0.076171875
3 0.4912109375 0.69921875 0.037109375 0.06640625
3 0.5517578125 0.6767578125 0.04296875 0.05859375
3 0.6572265625 0.6083984375 0.04296875 0.06640625
3 0.8046875 0.54296875 0.0546875 0.076171875