2 0.62890625 0.1123046875 0.091796875 0.072265625
2 0.373046875 0.1767578125 0.083984375 0.068359375
2 0.2255859375 0.228515625 0.078125 0.060546875
2 0.1513671875 0.3974609375 0.087890625 0.072265625
2 0.32421875 0.447265625 0.08984375 0.072265625
2 0.3740234375 0.3583984375 0.076171875 0.07421875
2 0.4404296875 0.2958984375 0.08203125 0.076171875
2 0.5 0.3544921875 0.078125 0.078125
2 0.5419921875 0.275390625 0.0703125 0.064453125
3 0.8076171875 0.5283203125 0.052734375 0.072265625
3 0.5791015625 0.6845703125 0.046875 0.05859375
3 0.177734375 0.7744140625 0.04296875 0.064453125
3 0.27734375 0.73828125 0.048828125 0.06640625
3 0.376953125 0.701171875 0.048828125 0.056640625
3 0.4013671875 0.673828125 0.0390625 0.06640625
4 0.6875 0.375 0.189453125 0.3125