2 0.6416015625 0.1201171875 0.095703125 0.083984375
2 0.1591796875 0.396484375 0.087890625 0.072265625
2 0.5537109375 0.27734375 0.07421875 0.06640625
2 0.3857421875 0.1796875 0.078125 0.064453125
2 0.5048828125 0.3564453125 0.08203125 0.07421875
2 0.236328125 0.2158203125 0.083984375 0.064453125
2 0.3291015625 0.439453125 0.08203125 0.076171875
2 0.3740234375 0.35546875 0.0859375 0.09765625
2 0.4521484375 0.2880859375 0.0703125 0.0703125
4 0.705078125 0.4052734375 0.228515625 0.37109375
4 0.2666015625 0.39453125 0.134765625 0.162109375
3 0.576171875 0.6806640625 0.0546875 0.076171875
3 0.1640625 0.7607421875 0.044921875 0.076171875
3 0.2646484375 0.7294921875 0.05078125 0.0703125
3 0.3642578125 0.6953125 0.052734375 0.05859375
3 0.396484375 0.6728515625 0.044921875 0.076171875
3 0.4951171875 0.69921875 0.0390625 0.068359375
3 0.5546875 0.67578125 0.04296875 0.05859375
3 0.6591796875 0.60546875 0.04296875 0.06640625
3 0.8056640625 0.5380859375 0.056640625 0.076171875