2 0.73046875 0.1630859375 0.083984375 0.060546875
2 0.466796875 0.154296875 0.076171875 0.056640625
2 0.3115234375 0.1630859375 0.072265625 0.048828125
2 0.193359375 0.3046875 0.080078125 0.060546875
2 0.345703125 0.4013671875 0.08203125 0.060546875
2 0.41796875 0.3291015625 0.06640625 0.06640625
2 0.4990234375 0.2880859375 0.072265625 0.064453125
2 0.5400390625 0.3603515625 0.068359375 0.068359375
2 0.6025390625 0.2958984375 0.0625 0.056640625
3 0.787109375 0.6123046875 0.04296875 0.06640625
3 0.5244140625 0.69921875 0.0390625 0.052734375
3 0.1142578125 0.6748046875 0.03515625 0.060546875
3 0.220703125 0.6669921875 0.041015625 0.0625
3 0.326171875 0.6591796875 0.041015625 0.05078125
3 0.3564453125 0.640625 0.029296875 0.064453125
4 0.71484375 0.431640625 0.142578125 0.298828125