2 0.7578125 0.2548828125 0.0625 0.0625
2 0.6123046875 0.228515625 0.052734375 0.056640625
2 0.3232421875 0.107421875 0.0390625 0.03125
2 0.240234375 0.19921875 0.064453125 0.06640625
2 0.3642578125 0.1201171875 0.0234375 0.025390625
2 0.12890625 0.0673828125 0.0234375 0.01953125
2 0.4140625 0.1416015625 0.037109375 0.041015625
2 0.8876953125 0.306640625 0.0625 0.060546875
4 0.8662109375 0.388671875 0.083984375 0.12109375
2 0.181640625 0.0771484375 0.021484375 0.0234375
2 0.2001953125 0.087890625 0.0234375 0.0234375
2 0.5283203125 0.1513671875 0.029296875 0.02734375
2 0.482421875 0.1279296875 0.01953125 0.01953125
4 0.177734375 0.1328125 0.025390625 0.060546875
3 0.0439453125 0.537109375 0.05078125 0.078125
3 0.2421875 0.5166015625 0.0390625 0.0546875
3 0.3662109375 0.4873046875 0.041015625 0.04296875
3 0.369140625 0.466796875 0.029296875 0.03515625
3 0.341796875 0.1943359375 0.025390625 0.0390625
3 0.53515625 0.48828125 0.03515625 0.056640625
3 0.833984375 0.4248046875 0.033203125 0.04296875
3 0.884765625 0.451171875 0.021484375 0.041015625
4 0.47265625 0.173828125 0.037109375 0.046875
2 0.4755859375 0.2060546875 0.04296875 0.033203125
3 0.3583984375 0.2529296875 0.015625 0.01953125
3 0.4150390625 0.2646484375 0.0234375 0.03515625
2 0.4853515625 0.2529296875 0.05078125 0.064453125
1 0.748046875 0.0791015625 0.02734375 0.03125
5 0.1884765625 0.37890625 0.15625 0.24609375
5 0.4375 0.3603515625 0.123046875 0.208984375
5 0.564453125 0.3642578125 0.115234375 0.20703125
5 0.720703125 0.41015625 0.1328125 0.203125
5 0.412109375 0.220703125 0.0625 0.083984375
5 0.306640625 0.2001953125 0.0703125 0.11328125
5 0.2060546875 0.142578125 0.056640625 0.07421875
5 0.12109375 0.1337890625 0.0546875 0.08203125
5 0.5244140625 0.224609375 0.05859375 0.0625