2 0.6904296875 0.2001953125 0.05859375 0.05859375
2 0.54296875 0.208984375 0.048828125 0.052734375
2 0.2333984375 0.162109375 0.03515625 0.029296875
2 0.17578125 0.271484375 0.05859375 0.060546875
2 0.2763671875 0.1640625 0.021484375 0.0234375
2 0.03515625 0.169921875 0.0234375 0.017578125
2 0.330078125 0.1728515625 0.03515625 0.0390625
2 0.830078125 0.21875 0.056640625 0.056640625
4 0.8291015625 0.3037109375 0.07421875 0.115234375
2 0.0888671875 0.1669921875 0.01953125 0.0234375
2 0.109375 0.1728515625 0.021484375 0.021484375
2 0.4423828125 0.154296875 0.02734375 0.025390625
2 0.392578125 0.1435546875 0.01953125 0.017578125
4 0.0986328125 0.2216796875 0.021484375 0.05859375
3 0.06640625 0.6455078125 0.044921875 0.07421875
3 0.25390625 0.5791015625 0.033203125 0.052734375
3 0.3671875 0.5205078125 0.037109375 0.041015625
3 0.365234375 0.5 0.02734375 0.03125
3 0.2724609375 0.2421875 0.0234375 0.037109375
3 0.53125 0.48046875 0.029296875 0.0546875
3 0.8056640625 0.3466796875 0.029296875 0.0390625
3 0.861328125 0.359375 0.017578125 0.041015625
4 0.39453125 0.1904296875 0.033203125 0.044921875
2 0.4052734375 0.220703125 0.0390625 0.029296875
3 0.302734375 0.294921875 0.013671875 0.017578125
3 0.361328125 0.2919921875 0.01953125 0.03515625
2 0.42578125 0.2646484375 0.046875 0.060546875
1 0.638671875 0.0322265625 0.0234375 0.029296875
5 0.16796875 0.4580078125 0.134765625 0.236328125
5 0.4052734375 0.37890625 0.103515625 0.203125
5 0.5302734375 0.353515625 0.095703125 0.201171875
5 0.6923828125 0.359375 0.115234375 0.1953125
5 0.34765625 0.25 0.056640625 0.080078125
5 0.240234375 0.255859375 0.060546875 0.109375
5 0.1279296875 0.224609375 0.048828125 0.072265625
5 0.0439453125 0.236328125 0.048828125 0.078125
5 0.45703125 0.2265625 0.052734375 0.05859375