3 0.0546875 0.6015625 0.04296875 0.078125
3 0.2470703125 0.5498046875 0.029296875 0.044921875
3 0.365234375 0.484375 0.02734375 0.037109375
3 0.37109375 0.5048828125 0.04296875 0.037109375
3 0.5341796875 0.486328125 0.02734375 0.052734375
3 0.658203125 0.484375 0.025390625 0.037109375
3 0.3017578125 0.2177734375 0.01953125 0.029296875
3 0.8212890625 0.376953125 0.029296875 0.041015625
3 0.8740234375 0.3974609375 0.015625 0.033203125
2 0.0732421875 0.125 0.0234375 0.017578125
2 0.126953125 0.1240234375 0.021484375 0.01953125
2 0.1455078125 0.1328125 0.021484375 0.01953125
2 0.2705078125 0.138671875 0.033203125 0.03125
2 0.3134765625 0.1416015625 0.01953125 0.021484375
2 0.36328125 0.1572265625 0.029296875 0.03125
2 0.4775390625 0.1513671875 0.02734375 0.0234375
2 0.1953125 0.2353515625 0.06640625 0.048828125
2 0.447265625 0.2509765625 0.046875 0.0546875
2 0.57421875 0.216796875 0.044921875 0.052734375
2 0.71875 0.22265625 0.05859375 0.056640625
4 0.8466796875 0.3427734375 0.0703125 0.14453125