3 0.0546875 0.6015625 0.04375 0.078125
3 0.246875 0.54921875 0.0296875 0.046875
3 0.365625 0.484375 0.028125 0.0375
3 0.3703125 0.50546875 0.0421875 0.0375
3 0.534375 0.48671875 0.0265625 0.053125
3 0.6578125 0.48359375 0.0265625 0.0375
3 0.30234375 0.2171875 0.0203125 0.028125
3 0.8203125 0.37734375 0.028125 0.0421875
3 0.8734375 0.39765625 0.0140625 0.034375
2 0.07265625 0.12421875 0.0234375 0.01875
2 0.12734375 0.12421875 0.021875 0.0203125
2 0.1453125 0.13359375 0.021875 0.0203125
2 0.2703125 0.13828125 0.0328125 0.0296875
2 0.31328125 0.1421875 0.0203125 0.0203125
2 0.3640625 0.15703125 0.0296875 0.0328125
2 0.478125 0.15078125 0.0265625 0.025
2 0.19609375 0.2359375 0.0671875 0.0484375
2 0.44765625 0.25078125 0.046875 0.0546875
2 0.57421875 0.2171875 0.0453125 0.053125
2 0.71875 0.22265625 0.059375 0.05625
4 0.846875 0.34296875 0.0703125 0.14375