2 0.7109375 0.2138671875 0.0546875 0.0546875
2 0.5634765625 0.212890625 0.044921875 0.0498046875
2 0.2578125 0.14453125 0.0341796875 0.0263671875
2 0.1923828125 0.2490234375 0.0556640625 0.0576171875
2 0.30078125 0.1494140625 0.01953125 0.021484375
2 0.0595703125 0.138671875 0.021484375 0.015625
2 0.353515625 0.162109375 0.0322265625 0.0361328125
2 0.8486328125 0.2421875 0.0537109375 0.052734375
4 0.841796875 0.3271484375 0.06640625 0.111328125
2 0.11328125 0.138671875 0.0185546875 0.021484375
2 0.1328125 0.146484375 0.0205078125 0.01953125
2 0.466796875 0.1513671875 0.025390625 0.0234375
2 0.41796875 0.13671875 0.017578125 0.0166015625
4 0.119140625 0.1943359375 0.0166015625 0.0576171875
3 0.0576171875 0.615234375 0.0390625 0.072265625
3 0.2490234375 0.5615234375 0.0302734375 0.05078125
3 0.3662109375 0.5107421875 0.03515625 0.0380859375
3 0.365234375 0.490234375 0.025390625 0.0302734375
3 0.291015625 0.2265625 0.0205078125 0.03515625
3 0.5322265625 0.482421875 0.0263671875 0.0537109375
3 0.8154296875 0.3681640625 0.0263671875 0.0380859375
3 0.8701171875 0.384765625 0.0146484375 0.0400390625
4 0.416015625 0.18359375 0.03125 0.0419921875
2 0.4248046875 0.21484375 0.0380859375 0.0263671875
3 0.3173828125 0.28125 0.0126953125 0.017578125
3 0.3759765625 0.283203125 0.017578125 0.033203125
2 0.4423828125 0.259765625 0.0419921875 0.0576171875
1 0.6708984375 0.04296875 0.0224609375 0.0283203125
5 0.171875 0.4345703125 0.1181640625 0.228515625
5 0.4140625 0.373046875 0.08984375 0.197265625
5 0.5400390625 0.35546875 0.0830078125 0.1962890625
5 0.7021484375 0.373046875 0.1015625 0.1884765625
5 0.365234375 0.240234375 0.05078125 0.0771484375
5 0.2578125 0.23828125 0.052734375 0.10546875
5 0.1484375 0.19921875 0.044921875 0.068359375
5 0.0634765625 0.205078125 0.04296875 0.076171875
5 0.4765625 0.224609375 0.0498046875 0.0546875