3 0.0673828125 0.6474609375 0.046875 0.080078125
3 0.25390625 0.576171875 0.03125 0.046875
3 0.365234375 0.4990234375 0.029296875 0.0390625
3 0.3720703125 0.5185546875 0.04296875 0.0390625
3 0.5322265625 0.4833984375 0.029296875 0.052734375
3 0.6552734375 0.4677734375 0.02734375 0.0390625
3 0.2734375 0.240234375 0.01953125 0.029296875
3 0.806640625 0.3447265625 0.029296875 0.04296875
3 0.861328125 0.359375 0.015625 0.033203125
2 0.0361328125 0.1708984375 0.0234375 0.01953125
2 0.08984375 0.1650390625 0.0234375 0.021484375
2 0.109375 0.171875 0.0234375 0.021484375
2 0.2333984375 0.1640625 0.033203125 0.03125
2 0.2763671875 0.1630859375 0.021484375 0.021484375
2 0.328125 0.1728515625 0.03125 0.033203125
2 0.44140625 0.1552734375 0.02734375 0.025390625
2 0.169921875 0.2685546875 0.068359375 0.05078125
2 0.421875 0.2578125 0.048828125 0.056640625
2 0.5439453125 0.2109375 0.046875 0.0546875
2 0.6884765625 0.201171875 0.060546875 0.05859375
4 0.828125 0.3076171875 0.07421875 0.146484375