3 0.05859375 0.6171875 0.041015625 0.0771484375
3 0.2490234375 0.55859375 0.0283203125 0.044921875
3 0.365234375 0.4892578125 0.0263671875 0.037109375
3 0.37109375 0.509765625 0.041015625 0.0361328125
3 0.533203125 0.4853515625 0.025390625 0.0517578125
3 0.6572265625 0.478515625 0.0244140625 0.037109375
3 0.2919921875 0.224609375 0.0185546875 0.0283203125
3 0.81640625 0.3662109375 0.02734375 0.041015625
3 0.8701171875 0.384765625 0.013671875 0.033203125
2 0.060546875 0.1396484375 0.0224609375 0.017578125
2 0.1142578125 0.1376953125 0.021484375 0.01953125
2 0.1328125 0.1455078125 0.021484375 0.01953125
2 0.2578125 0.146484375 0.03125 0.029296875
2 0.30078125 0.1484375 0.01953125 0.0205078125
2 0.3515625 0.162109375 0.0283203125 0.03125
2 0.4658203125 0.15234375 0.0263671875 0.0234375
2 0.1865234375 0.24609375 0.0654296875 0.046875
2 0.4384765625 0.2529296875 0.0458984375 0.052734375
2 0.564453125 0.21484375 0.0439453125 0.05078125
2 0.708984375 0.21484375 0.056640625 0.0546875
4 0.8408203125 0.3310546875 0.0654296875 0.1416015625