2 0.7506944444444444 0.29916317991631797 0.06111111111111111 0.07322175732217573
2 0.6083333333333333 0.24476987447698745 0.05138888888888889 0.06485355648535565
2 0.32222222222222224 0.06694560669456066 0.0375 0.03765690376569038
2 0.2423611111111111 0.14435146443514643 0.06388888888888888 0.07740585774058577
2 0.3625 0.08682008368200837 0.022222222222222223 0.027196652719665274
2 0.41180555555555554 0.1192468619246862 0.03611111111111111 0.04602510460251046
2 0.8798611111111111 0.37656903765690375 0.06111111111111111 0.07112970711297072
4 0.8597222222222223 0.4571129707112971 0.08194444444444444 0.13179916317991633
2 0.18194444444444444 0.010460251046025104 0.022222222222222223 0.02092050209205021
2 0.20069444444444445 0.02301255230125523 0.02361111111111111 0.027196652719665274
2 0.5236111111111111 0.14958158995815898 0.027777777777777776 0.03138075313807531
2 0.4791666666666667 0.11715481171548117 0.019444444444444445 0.02301255230125523
4 0.17916666666666667 0.06485355648535565 0.025 0.060669456066945605
3 0.05277777777777778 0.45083682008368203 0.05 0.08368200836820083
3 0.2465277777777778 0.4675732217573222 0.0375 0.060669456066945605
3 0.36875 0.46129707112970714 0.04027777777777778 0.0502092050209205
3 0.37083333333333335 0.44142259414225943 0.029166666666666667 0.03765690376569038
3 0.3416666666666667 0.1579497907949791 0.025 0.04184100418410042
3 0.5347222222222222 0.49476987447698745 0.03333333333333333 0.06276150627615062
3 0.8270833333333333 0.48640167364016734 0.03194444444444444 0.04602510460251046
3 0.8777777777777778 0.5230125523012552 0.020833333333333332 0.043933054393305436
4 0.46944444444444444 0.16213389121338911 0.0375 0.05230125523012552
2 0.4736111111111111 0.19560669456066945 0.041666666666666664 0.0397489539748954
3 0.3576388888888889 0.2217573221757322 0.015277777777777777 0.02301255230125523
3 0.41458333333333336 0.24372384937238495 0.022222222222222223 0.03765690376569038