2 0.3564453125 0.072265625 0.068359375 0.044921875
2 0.4501953125 0.1416015625 0.0654296875 0.0380859375
2 0.59765625 0.177734375 0.060546875 0.0517578125
2 0.646484375 0.1923828125 0.0458984375 0.04296875
2 0.705078125 0.2490234375 0.0615234375 0.0439453125
3 0.26953125 0.4970703125 0.056640625 0.078125
3 0.421875 0.5400390625 0.0322265625 0.0615234375
3 0.638671875 0.55859375 0.0361328125 0.0439453125
3 0.7158203125 0.60546875 0.048828125 0.0595703125
3 0.794921875 0.5966796875 0.0380859375 0.0439453125
3 0.5126953125 0.24609375 0.0361328125 0.05859375
3 0.4306640625 0.3125 0.0458984375 0.0634765625