2 0.4404296875 0.052734375 0.076171875 0.056640625
2 0.51953125 0.138671875 0.072265625 0.05078125
2 0.6572265625 0.2021484375 0.068359375 0.0625
2 0.7021484375 0.2255859375 0.052734375 0.05078125
2 0.7490234375 0.29296875 0.068359375 0.0546875
3 0.2744140625 0.453125 0.0703125 0.087890625
3 0.416015625 0.5244140625 0.04296875 0.06640625
3 0.625 0.583984375 0.04296875 0.05078125
3 0.69140625 0.64453125 0.05859375 0.068359375
3 0.771484375 0.6513671875 0.044921875 0.05078125
3 0.560546875 0.2529296875 0.046875 0.064453125
3 0.4677734375 0.302734375 0.056640625 0.0703125