2 0.27734375 0.107421875 0.076171875 0.056640625
2 0.3828125 0.1572265625 0.072265625 0.05078125
2 0.5341796875 0.1650390625 0.068359375 0.0625
2 0.5849609375 0.169921875 0.052734375 0.05078125
2 0.6533203125 0.21484375 0.068359375 0.0546875
3 0.2734375 0.541015625 0.0703125 0.087890625
3 0.4306640625 0.5546875 0.04296875 0.06640625
3 0.6474609375 0.53125 0.04296875 0.05078125
3 0.732421875 0.5625 0.05859375 0.068359375
3 0.8076171875 0.5390625 0.044921875 0.05078125
3 0.4638671875 0.248046875 0.046875 0.064453125
3 0.396484375 0.3291015625 0.056640625 0.0703125