2 0.0966796875 0.1728515625 0.091796875 0.080078125
2 0.177734375 0.185546875 0.09765625 0.083984375
2 0.3701171875 0.2392578125 0.0625 0.052734375
2 0.533203125 0.2587890625 0.078125 0.064453125
2 0.716796875 0.228515625 0.087890625 0.083984375
2 0.8330078125 0.2939453125 0.078125 0.064453125
4 0.8076171875 0.5751953125 0.130859375 0.353515625
4 0.6982421875 0.5751953125 0.16015625 0.4453125
4 0.498046875 0.5546875 0.1796875 0.373046875
4 0.337890625 0.490234375 0.142578125 0.29296875
4 0.13671875 0.482421875 0.158203125 0.376953125
4 0.0517578125 0.51953125 0.103515625 0.515625
3 0.3271484375 0.609375 0.04296875 0.06640625
3 0.814453125 0.7421875 0.03515625 0.056640625