2 0.064453125 0.216796875 0.0849609375 0.072265625
2 0.146484375 0.220703125 0.08984375 0.07421875
2 0.34375 0.25390625 0.05859375 0.0458984375
2 0.5078125 0.2568359375 0.0732421875 0.0576171875
2 0.6875 0.20703125 0.0810546875 0.0751953125
2 0.8095703125 0.2607421875 0.0732421875 0.0576171875
4 0.8134765625 0.54296875 0.095703125 0.3447265625
4 0.705078125 0.5537109375 0.115234375 0.4365234375
4 0.50390625 0.5546875 0.1435546875 0.359375
4 0.337890625 0.5068359375 0.1142578125 0.2822265625
4 0.13671875 0.5205078125 0.12109375 0.3662109375
4 0.041015625 0.568359375 0.0810546875 0.5107421875
3 0.33984375 0.626953125 0.037109375 0.0625
3 0.837890625 0.7080078125 0.029296875 0.0546875