2 0.1083984375 0.1591796875 0.09375 0.083984375
2 0.1884765625 0.173828125 0.099609375 0.0859375
2 0.3798828125 0.234375 0.064453125 0.052734375
2 0.5419921875 0.2607421875 0.080078125 0.06640625
2 0.7265625 0.236328125 0.08984375 0.0859375
2 0.83984375 0.306640625 0.080078125 0.06640625
4 0.8046875 0.5859375 0.142578125 0.35546875
4 0.6953125 0.58203125 0.17578125 0.44921875
4 0.49609375 0.5546875 0.19140625 0.375
4 0.3388671875 0.484375 0.15234375 0.294921875
4 0.1376953125 0.4697265625 0.169921875 0.37890625
4 0.0556640625 0.5029296875 0.111328125 0.517578125
3 0.32421875 0.603515625 0.044921875 0.06640625
3 0.8056640625 0.7529296875 0.037109375 0.05859375