2 0.1640625 0.21875 0.0859375 0.05859375
2 0.283203125 0.3447265625 0.068359375 0.0546875
2 0.400390625 0.3408203125 0.0703125 0.0546875
2 0.58203125 0.3525390625 0.0625 0.05078125
2 0.7041015625 0.4423828125 0.056640625 0.046875
2 0.7587890625 0.5537109375 0.056640625 0.046875
2 0.892578125 0.4306640625 0.072265625 0.052734375
3 0.015625 0.5224609375 0.03125 0.080078125
3 0.9072265625 0.7314453125 0.05078125 0.0703125
3 0.73828125 0.76171875 0.03515625 0.041015625
3 0.572265625 0.6494140625 0.048828125 0.064453125
3 0.44921875 0.6005859375 0.044921875 0.0546875
3 0.4033203125 0.5302734375 0.078125 0.0546875
4 0.109375 0.4033203125 0.185546875 0.25390625
4 0.869140625 0.59375 0.18359375 0.248046875
3 0.1845703125 0.61328125 0.05078125 0.060546875