2 0.53515625 0.337890625 0.064453125 0.044921875
2 0.8544921875 0.3095703125 0.0703125 0.048828125
2 0.7666015625 0.4716796875 0.0546875 0.04296875
2 0.0927734375 0.3408203125 0.076171875 0.060546875
2 0.2431640625 0.421875 0.05859375 0.044921875
2 0.357421875 0.3837890625 0.0703125 0.048828125
2 0.6767578125 0.3828125 0.0625 0.046875
4 0.8779296875 0.478515625 0.150390625 0.212890625
4 0.1005859375 0.53515625 0.162109375 0.236328125
3 0.95703125 0.5908203125 0.0390625 0.0625
3 0.61328125 0.6181640625 0.033203125 0.056640625
3 0.6396484375 0.6533203125 0.02734375 0.037109375
3 0.8076171875 0.6748046875 0.025390625 0.037109375
3 0.4208984375 0.5576171875 0.0546875 0.0390625
3 0.484375 0.6123046875 0.0390625 0.046875
3 0.236328125 0.7041015625 0.0390625 0.056640625
3 0.033203125 0.6806640625 0.04296875 0.05859375