2 0.5439453125 0.33984375 0.0615234375 0.041015625
2 0.8642578125 0.328125 0.0673828125 0.044921875
2 0.767578125 0.4853515625 0.0517578125 0.0400390625
2 0.1015625 0.3193359375 0.07421875 0.0576171875
2 0.248046875 0.408203125 0.0556640625 0.0419921875
2 0.36328125 0.3759765625 0.0673828125 0.0458984375
2 0.6826171875 0.392578125 0.0595703125 0.04296875
4 0.87890625 0.498046875 0.140625 0.205078125
4 0.099609375 0.5146484375 0.150390625 0.2294921875
3 0.9521484375 0.6142578125 0.03515625 0.0615234375
3 0.607421875 0.6240234375 0.03125 0.0556640625
3 0.6318359375 0.66015625 0.0263671875 0.03515625
3 0.7978515625 0.6904296875 0.0244140625 0.0361328125
3 0.41796875 0.5537109375 0.052734375 0.0361328125
3 0.478515625 0.611328125 0.0361328125 0.044921875
3 0.2255859375 0.6904296875 0.037109375 0.0546875
3 0.0244140625 0.65625 0.041015625 0.056640625