2 0.0712890625 0.4091796875 0.0859375 0.056640625
2 0.2353515625 0.46484375 0.06640625 0.052734375
2 0.3369140625 0.40625 0.0703125 0.052734375
2 0.5029296875 0.3310546875 0.060546875 0.048828125
2 0.6533203125 0.353515625 0.056640625 0.046875
2 0.75390625 0.4267578125 0.0546875 0.044921875
2 0.814453125 0.25390625 0.072265625 0.05078125
3 0.0703125 0.75390625 0.056640625 0.078125
3 0.9677734375 0.513671875 0.048828125 0.0703125
3 0.8330078125 0.619140625 0.03515625 0.041015625
3 0.6337890625 0.5986328125 0.046875 0.064453125
3 0.501953125 0.61328125 0.044921875 0.0546875
3 0.4287109375 0.572265625 0.076171875 0.052734375
4 0.109375 0.59765625 0.177734375 0.251953125
4 0.8701171875 0.4091796875 0.177734375 0.24609375
3 0.2744140625 0.748046875 0.05078125 0.060546875