2 0.15859375 0.22421875 0.0859375 0.0578125
2 0.28046875 0.34921875 0.0671875 0.053125
2 0.396875 0.3421875 0.0703125 0.053125
2 0.5796875 0.3515625 0.0609375 0.05
2 0.703125 0.4390625 0.0578125 0.046875
2 0.76015625 0.55 0.05625 0.0453125
2 0.89140625 0.4234375 0.071875 0.053125
3 0.015625 0.53046875 0.03125 0.0796875
3 0.9109375 0.72421875 0.05 0.0703125
3 0.74296875 0.7578125 0.034375 0.040625
3 0.57421875 0.6484375 0.046875 0.0640625
3 0.45 0.6015625 0.0453125 0.0546875
3 0.403125 0.53203125 0.0765625 0.053125
4 0.1078125 0.41015625 0.1828125 0.253125
4 0.8703125 0.5875 0.18125 0.246875
3 0.18671875 0.61875 0.0515625 0.0609375