2 0.5576171875 0.3447265625 0.064453125 0.046875
2 0.8779296875 0.3603515625 0.0703125 0.05078125
2 0.767578125 0.5087890625 0.0546875 0.044921875
2 0.119140625 0.28515625 0.078125 0.064453125
2 0.2568359375 0.38671875 0.05859375 0.046875
2 0.375 0.3642578125 0.0703125 0.05078125
2 0.69140625 0.4091796875 0.0625 0.048828125
4 0.8779296875 0.53125 0.158203125 0.216796875
4 0.099609375 0.4794921875 0.169921875 0.2421875
3 0.9404296875 0.6533203125 0.041015625 0.064453125
3 0.5966796875 0.6328125 0.03515625 0.05859375
3 0.6171875 0.6708984375 0.029296875 0.037109375
3 0.7802734375 0.7158203125 0.02734375 0.0390625
3 0.4140625 0.5458984375 0.056640625 0.041015625
3 0.46875 0.609375 0.0390625 0.048828125
3 0.2099609375 0.666015625 0.041015625 0.05859375
3 0.017578125 0.6142578125 0.03515625 0.060546875