2 0.1025390625 0.3154296875 0.078125 0.0400390625
2 0.25 0.40625 0.0595703125 0.0400390625
2 0.3623046875 0.3720703125 0.0625 0.0400390625
2 0.541015625 0.3359375 0.0537109375 0.0380859375
2 0.6826171875 0.3916015625 0.0498046875 0.0361328125
2 0.763671875 0.4853515625 0.048828125 0.03515625
2 0.861328125 0.3310546875 0.064453125 0.0380859375
3 0.0244140625 0.650390625 0.0419921875 0.0712890625
3 0.953125 0.6181640625 0.03515625 0.0634765625
3 0.7978515625 0.69140625 0.02734375 0.03515625
3 0.6083984375 0.6259765625 0.0341796875 0.0576171875
3 0.4765625 0.6103515625 0.0341796875 0.0478515625
3 0.4140625 0.5546875 0.0703125 0.037109375
4 0.09765625 0.5078125 0.130859375 0.2275390625
4 0.880859375 0.4951171875 0.130859375 0.2216796875
3 0.224609375 0.69140625 0.0390625 0.052734375