2 0.54395 0.339675 0.06177499999999995 0.04147499999999997
2 0.8639 0.328575 0.06697499999999991 0.04467500000000001
2 0.7670999999999999 0.485075 0.05157499999999999 0.04040000000000006
2 0.101525 0.319175 0.074625 0.05740000000000002
2 0.247925 0.40832500000000005 0.05615000000000002 0.04239999999999995
2 0.3635 0.376175 0.06782499999999998 0.04607500000000002
2 0.682825 0.3926 0.05927500000000009 0.042674999999999984
4 0.87845 0.4979 0.1407249999999999 0.20554999999999993
4 0.10002499999999999 0.514575 0.15005 0.22992499999999993
3 0.95235 0.614375 0.035500000000000115 0.061399999999999934
3 0.6069749999999999 0.62425 0.031200000000000047 0.05574999999999996
3 0.631825 0.6605249999999999 0.026474999999999936 0.03490000000000009
3 0.79785 0.6905 0.024850000000000136 0.03592500000000001
3 0.4175 0.553575 0.053075000000000046 0.03592500000000001
3 0.47822499999999996 0.61115 0.03575000000000003 0.04497500000000002
3 0.22594999999999998 0.6907 0.03725000000000001 0.05444999999999993
3 0.02435 0.6562749999999999 0.0412 0.05632499999999993