2 0.69140625 0.154296875 0.05078125 0.048828125
2 0.765625 0.2177734375 0.056640625 0.046875
2 0.34375 0.16015625 0.048828125 0.03125
4 0.4912109375 0.662109375 0.439453125 0.599609375
4 0.18359375 0.244140625 0.126953125 0.19140625
4 0.3212890625 0.3173828125 0.078125 0.169921875
4 0.7353515625 0.3740234375 0.11328125 0.208984375
3 0.4287109375 0.6982421875 0.171875 0.3515625
4 0.255859375 0.2626953125 0.076171875 0.15625
3 0.126953125 0.361328125 0.04296875 0.052734375
1 0.5673828125 0.1064453125 0.232421875 0.205078125
1 0.84375 0.208984375 0.052734375 0.044921875
1 0.9423828125 0.23046875 0.06640625 0.0546875
1 0.2119140625 0.080078125 0.060546875 0.056640625
1 0.275390625 0.1220703125 0.046875 0.048828125
1 0.4296875 0.1298828125 0.0703125 0.05859375