2 0.5478515625 0.107421875 0.0546875 0.052734375
2 0.640625 0.138671875 0.05859375 0.052734375
2 0.2275390625 0.244140625 0.048828125 0.03515625
4 0.552734375 0.654296875 0.490234375 0.625
4 0.111328125 0.3818359375 0.14453125 0.19921875
4 0.265625 0.3974609375 0.09375 0.171875
4 0.6708984375 0.294921875 0.1328125 0.212890625
3 0.5078125 0.7099609375 0.203125 0.357421875
4 0.185546875 0.37109375 0.091796875 0.158203125
3 0.1025390625 0.51171875 0.046875 0.0546875
1 0.4140625 0.1103515625 0.24609375 0.220703125
1 0.7099609375 0.1015625 0.0546875 0.048828125
1 0.8095703125 0.0849609375 0.068359375 0.060546875
1 0.0751953125 0.21875 0.064453125 0.060546875
1 0.1494140625 0.234375 0.05078125 0.05078125
1 0.2958984375 0.18359375 0.07421875 0.064453125