2 0.6416015625 0.130859375 0.044921875 0.04296875
2 0.7236328125 0.18359375 0.05078125 0.041015625
2 0.2978515625 0.185546875 0.044921875 0.0244140625
4 0.513671875 0.662109375 0.3662109375 0.5537109375
4 0.1513671875 0.291015625 0.103515625 0.1787109375
4 0.2978515625 0.34375 0.0556640625 0.1640625
4 0.7158203125 0.3427734375 0.0869140625 0.1982421875
3 0.45703125 0.7060546875 0.1259765625 0.3369140625
4 0.2255859375 0.298828125 0.056640625 0.1494140625
3 0.111328125 0.4150390625 0.0361328125 0.0478515625
1 0.51171875 0.1005859375 0.208984375 0.177734375
1 0.7998046875 0.1640625 0.0478515625 0.0380859375
1 0.900390625 0.171875 0.0595703125 0.046875
1 0.15625 0.1240234375 0.0537109375 0.0498046875
1 0.224609375 0.1572265625 0.041015625 0.04296875
1 0.37890625 0.1435546875 0.0634765625 0.05078125