1 0.1572265625 0.1162109375 0.1669921875 0.232421875
0 0.2255859375 0.84375 0.126953125 0.2373046875
0 0.1572265625 0.92578125 0.1357421875 0.1484375
1 0.466796875 0.123046875 0.1123046875 0.234375
0 0.4560546875 0.69921875 0.1220703125 0.1357421875
1 0.7119140625 0.158203125 0.123046875 0.205078125
0 0.6796875 0.7705078125 0.109375 0.1435546875
5 0.1611328125 0.623046875 0.23828125 0.4775390625
5 0.4169921875 0.4951171875 0.2236328125 0.3701171875
5 0.6953125 0.5810546875 0.1982421875 0.4677734375
3 0.7060546875 0.6630859375 0.0966796875 0.1005859375