1 0.251953125 0.08984375 0.21484375 0.1796875
0 0.1552734375 0.7734375 0.177734375 0.259765625
0 0.076171875 0.837890625 0.15234375 0.17578125
1 0.5517578125 0.1259765625 0.162109375 0.251953125
0 0.412109375 0.6845703125 0.150390625 0.16015625
1 0.783203125 0.21484375 0.166015625 0.2265625
0 0.6142578125 0.8037109375 0.138671875 0.1640625
5 0.15625 0.54296875 0.3125 0.51953125
5 0.419921875 0.4765625 0.30078125 0.41015625
5 0.671875 0.623046875 0.298828125 0.5
3 0.6640625 0.705078125 0.1171875 0.119140625