1 0.107421875 0.16796875 0.197265625 0.25390625
0 0.2763671875 0.8759765625 0.158203125 0.248046875
0 0.2197265625 0.943359375 0.154296875 0.11328125
1 0.4150390625 0.130859375 0.14453125 0.248046875
0 0.484375 0.703125 0.140625 0.15234375
1 0.662109375 0.1318359375 0.150390625 0.220703125
0 0.7158203125 0.7431640625 0.12890625 0.158203125
5 0.181640625 0.6689453125 0.302734375 0.505859375
5 0.4169921875 0.5068359375 0.2734375 0.3984375
5 0.705078125 0.552734375 0.26171875 0.490234375
3 0.7265625 0.6328125 0.109375 0.11328125