2 0.0595703125 0.2119140625 0.0625 0.060546875
4 0.12890625 0.421875 0.138671875 0.275390625
4 0.9052734375 0.265625 0.05078125 0.099609375
4 0.8212890625 0.4150390625 0.10546875 0.107421875
4 0.65234375 0.4287109375 0.09765625 0.189453125
4 0.6884765625 0.37890625 0.06640625 0.173828125
4 0.5673828125 0.44140625 0.0859375 0.19921875
2 0.673828125 0.2470703125 0.037109375 0.052734375
1 0.5537109375 0.2861328125 0.05078125 0.0625
1 0.619140625 0.2744140625 0.044921875 0.05859375
1 0.7490234375 0.35546875 0.0546875 0.0703125
1 0.8798828125 0.193359375 0.029296875 0.0390625
1 0.46875 0.0947265625 0.021484375 0.03125
1 0.328125 0.1357421875 0.03515625 0.046875
1 0.73828125 0.0712890625 0.025390625 0.03125
1 0.7861328125 0.03125 0.0234375 0.025390625
4 0.7998046875 0.1171875 0.048828125 0.11328125
4 0.755859375 0.146484375 0.05078125 0.087890625
4 0.328125 0.1904296875 0.037109375 0.083984375
4 0.48046875 0.154296875 0.0546875 0.09375
4 0.3740234375 0.24609375 0.046875 0.083984375