2 0.1494140625 0.107421875 0.0546875 0.052734375
4 0.162109375 0.3291015625 0.091796875 0.265625
4 0.9521484375 0.3779296875 0.033203125 0.095703125
4 0.83203125 0.5009765625 0.08984375 0.09375
4 0.6650390625 0.470703125 0.064453125 0.18359375
4 0.7138671875 0.4326171875 0.03515625 0.173828125
4 0.580078125 0.4609375 0.05078125 0.197265625
2 0.7333984375 0.30078125 0.029296875 0.046875
1 0.607421875 0.3076171875 0.041015625 0.056640625
1 0.673828125 0.3125 0.03515625 0.052734375
1 0.7783203125 0.4248046875 0.044921875 0.0625
1 0.9462890625 0.302734375 0.0234375 0.03515625
1 0.57421875 0.099609375 0.017578125 0.029296875
1 0.427734375 0.103515625 0.02734375 0.04296875
1 0.841796875 0.1474609375 0.021484375 0.02734375
1 0.8984375 0.12109375 0.01953125 0.0234375
4 0.888671875 0.2080078125 0.029296875 0.111328125
4 0.8388671875 0.224609375 0.03515625 0.083984375
4 0.4140625 0.1572265625 0.021484375 0.08203125
4 0.5703125 0.1611328125 0.0390625 0.08984375
4 0.4443359375 0.22265625 0.033203125 0.080078125