2 0.1357421875 0.1201171875 0.052734375 0.05078125
4 0.15625 0.3408203125 0.08203125 0.2626953125
4 0.947265625 0.3623046875 0.029296875 0.0947265625
4 0.83203125 0.4892578125 0.0869140625 0.08984375
4 0.6640625 0.46484375 0.05859375 0.181640625
4 0.7109375 0.4248046875 0.0283203125 0.1728515625
4 0.5791015625 0.4580078125 0.0439453125 0.1953125
2 0.7265625 0.29296875 0.02734375 0.046875
1 0.6005859375 0.3037109375 0.0400390625 0.0556640625
1 0.6669921875 0.306640625 0.0341796875 0.0517578125
1 0.775390625 0.4150390625 0.0419921875 0.0615234375
1 0.939453125 0.287109375 0.0224609375 0.03515625
1 0.560546875 0.09765625 0.015625 0.029296875
1 0.4140625 0.1064453125 0.0263671875 0.04296875
1 0.8291015625 0.1357421875 0.0205078125 0.02734375
1 0.884765625 0.107421875 0.0185546875 0.0224609375
4 0.8779296875 0.1943359375 0.025390625 0.111328125
4 0.8291015625 0.212890625 0.0322265625 0.08203125
4 0.40234375 0.16015625 0.0185546875 0.08203125
4 0.55859375 0.1591796875 0.0361328125 0.087890625
4 0.4345703125 0.224609375 0.0302734375 0.0791015625