1 0.3896484375 0.0986328125 0.150390625 0.197265625
0 0.3603515625 0.8447265625 0.095703125 0.166015625
0 0.4853515625 0.6875 0.08203125 0.146484375
0 0.53125 0.66796875 0.0546875 0.08984375
0 0.685546875 0.5615234375 0.09765625 0.10546875
0 0.7431640625 0.8857421875 0.09375 0.1171875
0 0.7138671875 0.666015625 0.080078125 0.076171875
1 0.6181640625 0.0869140625 0.12109375 0.166015625
1 0.8447265625 0.142578125 0.150390625 0.220703125
5 0.876953125 0.5830078125 0.224609375 0.53515625
5 0.3359375 0.5009765625 0.228515625 0.53125
5 0.5673828125 0.4169921875 0.1640625 0.447265625