1 0.5390625 0.427734375 0.0283203125 0.041015625
1 0.6181640625 0.181640625 0.0205078125 0.029296875
1 0.6298828125 0.5205078125 0.021484375 0.0439453125
1 0.6005859375 0.6357421875 0.0205078125 0.0341796875
1 0.69921875 0.7197265625 0.0234375 0.029296875
1 0.576171875 0.9501953125 0.025390625 0.0283203125
1 0.8916015625 0.6767578125 0.0361328125 0.0439453125
0 0.6435546875 0.2822265625 0.015625 0.0263671875
0 0.576171875 0.126953125 0.0205078125 0.0283203125
0 0.5634765625 0.494140625 0.0263671875 0.021484375
0 0.5703125 0.595703125 0.015625 0.033203125
0 0.5673828125 0.6962890625 0.015625 0.017578125
0 0.64453125 0.5751953125 0.017578125 0.025390625