1 0.5341796875 0.4248046875 0.03125 0.04296875
1 0.595703125 0.173828125 0.0234375 0.03125
1 0.630859375 0.51171875 0.025390625 0.044921875
1 0.609375 0.6279296875 0.0234375 0.03515625
1 0.7138671875 0.705078125 0.025390625 0.03125
1 0.607421875 0.943359375 0.02734375 0.029296875
1 0.9033203125 0.6494140625 0.0390625 0.046875
0 0.6279296875 0.2724609375 0.017578125 0.02734375
0 0.5498046875 0.1220703125 0.021484375 0.029296875
0 0.5625 0.4892578125 0.02734375 0.0234375
0 0.5771484375 0.5908203125 0.017578125 0.03515625
0 0.5810546875 0.69140625 0.017578125 0.01953125
0 0.6494140625 0.564453125 0.01953125 0.02734375