1 0.52890625 0.4234375 0.0328125 0.04375
1 0.57265625 0.16875 0.025 0.0328125
1 0.63125 0.50234375 0.028125 0.046875
1 0.61875 0.6203125 0.025 0.0375
1 0.728125 0.68984375 0.0265625 0.0328125
1 0.63828125 0.93515625 0.028125 0.03125
1 0.9125 0.6203125 0.0421875 0.0484375
0 0.61171875 0.2640625 0.01875 0.028125
0 0.5234375 0.11953125 0.0234375 0.03125
0 0.56171875 0.48515625 0.0296875 0.025
0 0.5828125 0.58515625 0.0203125 0.034375
0 0.59375 0.68515625 0.0171875 0.01875
0 0.65390625 0.55390625 0.0203125 0.0265625