1 0.52734375 0.4228515625 0.03515625 0.044921875
1 0.5673828125 0.1669921875 0.025390625 0.03125
1 0.6318359375 0.5 0.02734375 0.046875
1 0.6201171875 0.6181640625 0.025390625 0.037109375
1 0.7314453125 0.685546875 0.02734375 0.033203125
1 0.6455078125 0.9326171875 0.029296875 0.03125
1 0.9140625 0.61328125 0.04296875 0.048828125
0 0.607421875 0.2626953125 0.01953125 0.029296875
0 0.5166015625 0.1201171875 0.025390625 0.03125
0 0.5615234375 0.484375 0.029296875 0.025390625
0 0.583984375 0.583984375 0.021484375 0.03515625
0 0.59765625 0.68359375 0.017578125 0.01953125
0 0.654296875 0.5517578125 0.021484375 0.02734375