1 0.3623046875 0.107421875 0.1376953125 0.1875
0 0.384765625 0.853515625 0.083984375 0.1611328125
0 0.498046875 0.6884765625 0.072265625 0.142578125
0 0.54296875 0.6650390625 0.048828125 0.0859375
0 0.689453125 0.548828125 0.091796875 0.099609375
0 0.76953125 0.8681640625 0.0859375 0.111328125
0 0.724609375 0.650390625 0.076171875 0.0703125
1 0.5888671875 0.080078125 0.109375 0.158203125
1 0.8193359375 0.119140625 0.1357421875 0.2109375
5 0.8818359375 0.556640625 0.189453125 0.5234375
5 0.3369140625 0.5126953125 0.1923828125 0.5185546875
5 0.5615234375 0.412109375 0.1328125 0.439453125