0 0.337890625 0.5166015625 0.099609375 0.181640625
0 0.7626953125 0.4931640625 0.08984375 0.16796875
3 0.1728515625 0.935546875 0.126953125 0.12890625
3 0.109375 0.400390625 0.078125 0.220703125
3 0.0166015625 0.4287109375 0.033203125 0.201171875
3 0.59765625 0.1025390625 0.09765625 0.12109375
2 0.255859375 0.3017578125 0.10546875 0.138671875
2 0.83203125 0.23046875 0.080078125 0.12109375
4 0.0654296875 0.3173828125 0.130859375 0.322265625
4 0.2353515625 0.4658203125 0.169921875 0.2890625
4 0.8203125 0.34765625 0.15625 0.201171875