0 0.3388671875 0.5224609375 0.10546875 0.181640625
0 0.76171875 0.4833984375 0.095703125 0.16796875
3 0.1884765625 0.9404296875 0.130859375 0.119140625
3 0.1064453125 0.4140625 0.083984375 0.21875
3 0.0166015625 0.4462890625 0.033203125 0.201171875
3 0.583984375 0.099609375 0.099609375 0.123046875
2 0.2490234375 0.310546875 0.109375 0.140625
2 0.822265625 0.21875 0.083984375 0.123046875
4 0.0654296875 0.333984375 0.130859375 0.32421875
4 0.234375 0.474609375 0.1796875 0.291015625
4 0.8154296875 0.3369140625 0.162109375 0.203125