0 0.337890625 0.4853515625 0.068359375 0.1708984375
0 0.7587890625 0.54296875 0.0615234375 0.158203125
3 0.091796875 0.884765625 0.099609375 0.15234375
3 0.1357421875 0.328125 0.037109375 0.216796875
3 0.01953125 0.333984375 0.037109375 0.1982421875
3 0.671875 0.12890625 0.078125 0.1083984375
2 0.2978515625 0.2587890625 0.083984375 0.125
2 0.876953125 0.298828125 0.060546875 0.111328125
4 0.0869140625 0.234375 0.119140625 0.3056640625
4 0.2470703125 0.416015625 0.12109375 0.2705078125
4 0.84375 0.412109375 0.1240234375 0.1806640625