0 0.14609375 0.8625 0.1640625 0.275
0 0.26171875 0.8484375 0.1296875 0.303125
0 0.3796875 0.846875 0.140625 0.30625
0 0.50390625 0.8359375 0.1578125 0.328125
0 0.628125 0.8203125 0.1515625 0.321875
0 0.77734375 0.81171875 0.1265625 0.2859375
0 0.8765625 0.78984375 0.121875 0.30625
0 0.95703125 0.775 0.0859375 0.325
0 0.08359375 0.47109375 0.1671875 0.2578125
0 0.35078125 0.44609375 0.1390625 0.225
0 0.49375 0.42890625 0.1203125 0.2171875
0 0.60859375 0.39765625 0.1234375 0.203125
0 0.8890625 0.37421875 0.11875 0.2140625
0 0.9 0.1359375 0.146875 0.259375
0 0.540625 0.159375 0.1265625 0.1984375
0 0.39375 0.259375 0.203125 0.396875
0 0.2375 0.20546875 0.221875 0.2671875
0 0.0921875 0.265625 0.184375 0.321875