0 0.1025390625 0.8427734375 0.126953125 0.314453125
0 0.21875 0.833984375 0.08984375 0.33203125
0 0.337890625 0.8369140625 0.103515625 0.30859375
0 0.462890625 0.833984375 0.12109375 0.31640625
0 0.587890625 0.833984375 0.11328125 0.310546875
0 0.7373046875 0.8427734375 0.09375 0.27734375
0 0.837890625 0.833984375 0.0859375 0.298828125
0 0.9384765625 0.83203125 0.0859375 0.31640625
0 0.0869140625 0.4208984375 0.14453125 0.2421875
0 0.3583984375 0.427734375 0.11328125 0.212890625
0 0.501953125 0.4287109375 0.095703125 0.20703125
0 0.6201171875 0.412109375 0.099609375 0.19140625
0 0.9013671875 0.4228515625 0.09375 0.205078125
0 0.94140625 0.1875 0.1171875 0.24609375
0 0.58203125 0.1669921875 0.10546875 0.1875
0 0.423828125 0.248046875 0.158203125 0.380859375
0 0.275390625 0.17578125 0.193359375 0.24609375
0 0.1162109375 0.216796875 0.1640625 0.3046875
0 0.7451171875 0.4462890625 0.1015625 0.16015625
0 0.6796875 0.166015625 0.05078125 0.18359375