0 0.126953125 0.8544921875 0.1484375 0.291015625
0 0.2421875 0.841796875 0.11328125 0.31640625
0 0.361328125 0.8447265625 0.125 0.310546875
0 0.486328125 0.8359375 0.142578125 0.322265625
0 0.611328125 0.8271484375 0.134765625 0.318359375
0 0.7607421875 0.8251953125 0.11328125 0.283203125
0 0.8603515625 0.8095703125 0.107421875 0.3046875
0 0.953125 0.7998046875 0.09375 0.322265625
0 0.08203125 0.4501953125 0.162109375 0.251953125
0 0.353515625 0.4375 0.12890625 0.220703125
0 0.4970703125 0.4287109375 0.109375 0.21484375
0 0.61328125 0.404296875 0.11328125 0.19921875
0 0.89453125 0.3955078125 0.107421875 0.2109375
0 0.9189453125 0.1572265625 0.134765625 0.25390625
0 0.55859375 0.162109375 0.1171875 0.193359375
0 0.40625 0.25390625 0.18359375 0.390625
0 0.2529296875 0.1923828125 0.2109375 0.2578125
0 0.09765625 0.244140625 0.185546875 0.314453125
0 0.7412109375 0.4296875 0.11328125 0.166015625
0 0.65625 0.154296875 0.0625 0.1875