1 0.225 0.27890625 0.0765625 0.065625
1 0.31953125 0.28671875 0.0828125 0.071875
1 0.39375 0.30703125 0.0625 0.065625
1 0.49296875 0.30546875 0.059375 0.05625
1 0.584375 0.33125 0.065625 0.0671875
1 0.68125 0.33515625 0.0671875 0.0640625
1 0.7421875 0.3375 0.0734375 0.065625
1 0.484375 0.56171875 0.071875 0.0671875
1 0.3140625 0.53984375 0.084375 0.0671875
5 0.1828125 0.484375 0.1296875 0.25
5 0.28671875 0.44765625 0.109375 0.19375
5 0.36171875 0.5109375 0.115625 0.2265625
5 0.45625 0.48828125 0.125 0.221875
5 0.5515625 0.52109375 0.11875 0.2109375
5 0.65 0.53828125 0.103125 0.2453125
5 0.7109375 0.5640625 0.1265625 0.2890625
5 0.2734375 0.734375 0.1484375 0.246875
5 0.4375 0.7671875 0.184375 0.2734375
0 0.40078125 0.88125 0.075 0.0875
0 0.47734375 0.86953125 0.046875 0.0953125
0 0.13125 0.6328125 0.0515625 0.0796875