1 0.220703125 0.2841796875 0.076171875 0.06640625
1 0.3154296875 0.291015625 0.080078125 0.0703125
1 0.390625 0.3095703125 0.0625 0.064453125
1 0.490234375 0.3056640625 0.05859375 0.056640625
1 0.5810546875 0.330078125 0.064453125 0.06640625
1 0.6787109375 0.33203125 0.06640625 0.0625
1 0.7392578125 0.3330078125 0.072265625 0.064453125
1 0.4853515625 0.5625 0.072265625 0.06640625
1 0.314453125 0.54296875 0.083984375 0.06640625
5 0.1826171875 0.490234375 0.125 0.248046875
5 0.2861328125 0.4521484375 0.10546875 0.19140625
5 0.3623046875 0.513671875 0.111328125 0.224609375
5 0.4560546875 0.4892578125 0.12109375 0.220703125
5 0.5517578125 0.5205078125 0.115234375 0.2109375
5 0.6513671875 0.53515625 0.099609375 0.244140625
5 0.712890625 0.560546875 0.12109375 0.2890625
5 0.2783203125 0.7392578125 0.14453125 0.244140625
5 0.44140625 0.767578125 0.1796875 0.271484375
0 0.4072265625 0.8837890625 0.07421875 0.0859375
0 0.4833984375 0.8701171875 0.044921875 0.09375
0 0.1328125 0.6396484375 0.05078125 0.080078125