1 0.1796875 0.3525390625 0.072265625 0.0625
1 0.2734375 0.337890625 0.078125 0.06640625
1 0.3505859375 0.3388671875 0.05859375 0.0625
1 0.4462890625 0.3125 0.056640625 0.052734375
1 0.541015625 0.31640625 0.0625 0.064453125
1 0.6357421875 0.2958984375 0.064453125 0.060546875
1 0.6953125 0.2841796875 0.0703125 0.0625
1 0.5 0.5634765625 0.068359375 0.0625
1 0.3291015625 0.583984375 0.080078125 0.0625
5 0.1884765625 0.5615234375 0.11328125 0.244140625
5 0.2802734375 0.501953125 0.095703125 0.189453125
5 0.3681640625 0.544921875 0.1015625 0.22265625
5 0.455078125 0.4990234375 0.111328125 0.216796875
5 0.5546875 0.5078125 0.10546875 0.20703125
5 0.6552734375 0.5 0.087890625 0.2421875
5 0.720703125 0.5107421875 0.107421875 0.28515625
5 0.337890625 0.783203125 0.134765625 0.240234375
5 0.5029296875 0.7744140625 0.16796875 0.265625
0 0.49609375 0.89453125 0.0703125 0.083984375
0 0.5673828125 0.8642578125 0.041015625 0.09375
0 0.173828125 0.71875 0.046875 0.078125