1 0.193359375 0.3251953125 0.068359375 0.056640625
1 0.2880859375 0.318359375 0.0732421875 0.060546875
1 0.365234375 0.326171875 0.0546875 0.0576171875
1 0.462890625 0.30859375 0.052734375 0.048828125
1 0.556640625 0.3203125 0.0576171875 0.0595703125
1 0.6533203125 0.30859375 0.0595703125 0.0546875
1 0.7138671875 0.3017578125 0.0654296875 0.056640625
1 0.494140625 0.5634765625 0.064453125 0.0576171875
1 0.322265625 0.568359375 0.076171875 0.056640625
5 0.1845703125 0.5341796875 0.09375 0.2373046875
5 0.28125 0.482421875 0.0810546875 0.1826171875
5 0.365234375 0.533203125 0.0830078125 0.2158203125
5 0.455078125 0.4951171875 0.09375 0.208984375
5 0.5537109375 0.5126953125 0.0888671875 0.2001953125
5 0.654296875 0.513671875 0.0673828125 0.2373046875
5 0.71875 0.5302734375 0.083984375 0.279296875
5 0.3134765625 0.767578125 0.1142578125 0.2314453125
5 0.4794921875 0.7734375 0.146484375 0.2529296875
0 0.4619140625 0.892578125 0.064453125 0.078125
0 0.53515625 0.869140625 0.033203125 0.0908203125
0 0.15625 0.689453125 0.041015625 0.0751953125