1 0.1416015625 0.42578125 0.0517578125 0.0673828125
1 0.36328125 0.392578125 0.060546875 0.052734375
1 0.50390625 0.37109375 0.0673828125 0.0888671875
1 0.724609375 0.4150390625 0.0966796875 0.0703125
1 0.96875 0.421875 0.0625 0.09375
5 0.912109375 0.5556640625 0.126953125 0.2265625
5 0.705078125 0.59375 0.1123046875 0.2060546875
5 0.5185546875 0.548828125 0.1220703125 0.1904296875
5 0.373046875 0.54296875 0.107421875 0.205078125
5 0.1396484375 0.568359375 0.1171875 0.166015625
0 0.0986328125 0.65234375 0.0341796875 0.0361328125
0 0.228515625 0.4287109375 0.0439453125 0.064453125
0 0.359375 0.5048828125 0.0439453125 0.056640625
0 0.630859375 0.705078125 0.037109375 0.0986328125
0 0.443359375 0.640625 0.0576171875 0.0751953125
0 0.572265625 0.564453125 0.0341796875 0.0595703125
0 0.7529296875 0.744140625 0.052734375 0.0576171875
0 0.927734375 0.6181640625 0.0546875 0.0673828125