1 0.1533203125 0.3828125 0.060546875 0.072265625
1 0.376953125 0.376953125 0.06640625 0.060546875
1 0.51953125 0.3720703125 0.078125 0.095703125
1 0.7333984375 0.443359375 0.10546875 0.08203125
1 0.96875 0.478515625 0.0625 0.1015625
5 0.90234375 0.60546875 0.154296875 0.240234375
5 0.6923828125 0.6181640625 0.13671875 0.21875
5 0.5126953125 0.55078125 0.14453125 0.203125
5 0.369140625 0.52734375 0.130859375 0.216796875
5 0.1337890625 0.5244140625 0.13671875 0.1796875
0 0.0830078125 0.6025390625 0.0390625 0.0390625
0 0.2392578125 0.396484375 0.05078125 0.068359375
0 0.359375 0.4873046875 0.05078125 0.0625
0 0.6044921875 0.7197265625 0.048828125 0.1015625
0 0.4267578125 0.6328125 0.06640625 0.08203125
0 0.5634765625 0.5732421875 0.041015625 0.0625
0 0.7216796875 0.7734375 0.05859375 0.064453125
0 0.91015625 0.6689453125 0.0625 0.07421875