1 0.13515625 0.4703125 0.059375 0.0734375
1 0.35078125 0.409375 0.0671875 0.059375
1 0.48828125 0.371875 0.078125 0.096875
1 0.71328125 0.38828125 0.1046875 0.08125
1 0.95546875 0.365625 0.0734375 0.1
5 0.915625 0.5046875 0.153125 0.240625
5 0.71484375 0.56796875 0.1375 0.21875
5 0.52421875 0.54609375 0.14375 0.2046875
5 0.37890625 0.5578125 0.13125 0.215625
5 0.15078125 0.6125 0.1359375 0.178125
0 0.1203125 0.7 0.0390625 0.040625
0 0.221875 0.4625 0.0515625 0.06875
0 0.3609375 0.521875 0.05 0.0609375
0 0.65546875 0.68828125 0.0484375 0.1015625
0 0.46015625 0.646875 0.0671875 0.08125
0 0.57890625 0.5546875 0.040625 0.0625
0 0.78125 0.71171875 0.059375 0.0640625
0 0.93828125 0.56484375 0.0625 0.0734375