1 0.134765625 0.4765625 0.060546875 0.07421875
1 0.349609375 0.4130859375 0.06640625 0.060546875
1 0.486328125 0.3720703125 0.078125 0.09765625
1 0.7109375 0.384765625 0.10546875 0.083984375
1 0.953125 0.357421875 0.07421875 0.1015625
5 0.916015625 0.498046875 0.158203125 0.2421875
5 0.7158203125 0.564453125 0.140625 0.21875
5 0.525390625 0.5458984375 0.146484375 0.205078125
5 0.3798828125 0.560546875 0.134765625 0.21875
5 0.15234375 0.6181640625 0.138671875 0.181640625
0 0.1240234375 0.70703125 0.0390625 0.041015625
0 0.2216796875 0.466796875 0.052734375 0.0703125
0 0.361328125 0.5244140625 0.05078125 0.0625
0 0.658203125 0.6845703125 0.05078125 0.103515625
0 0.4638671875 0.6474609375 0.068359375 0.08203125
0 0.580078125 0.5537109375 0.04296875 0.064453125
0 0.7841796875 0.70703125 0.060546875 0.064453125
0 0.9404296875 0.5576171875 0.064453125 0.07421875