0 0.9265625 0.240625 0.0703125 0.090625
0 0.68046875 0.3046875 0.0734375 0.1
0 0.35859375 0.2140625 0.0671875 0.090625
0 0.240625 0.23828125 0.0609375 0.0546875
0 0.4875 0.33828125 0.0484375 0.0609375
5 0.21484375 0.29140625 0.128125 0.246875
5 0.3921875 0.3703125 0.1265625 0.2609375
5 0.578125 0.35703125 0.1390625 0.20625
1 0.22890625 0.08984375 0.096875 0.0703125
1 0.42265625 0.16328125 0.0796875 0.071875
1 0.58828125 0.1421875 0.0796875 0.0796875
1 0.7828125 0.1625 0.0734375 0.078125
5 0.78671875 0.37578125 0.140625 0.25625