0 0.912109375 0.21875 0.06640625 0.087890625
0 0.669921875 0.294921875 0.068359375 0.09765625
0 0.34375 0.2216796875 0.0625 0.087890625
0 0.2275390625 0.251953125 0.05859375 0.05078125
0 0.478515625 0.3388671875 0.044921875 0.05859375
5 0.205078125 0.306640625 0.115234375 0.240234375
5 0.384765625 0.3759765625 0.11328125 0.25390625
5 0.5703125 0.353515625 0.12890625 0.19921875
1 0.2080078125 0.1044921875 0.09375 0.06640625
1 0.4052734375 0.16796875 0.076171875 0.06640625
1 0.5693359375 0.138671875 0.076171875 0.076171875
1 0.7646484375 0.1484375 0.0703125 0.07421875
5 0.779296875 0.361328125 0.12890625 0.25