0 0.912109375 0.21875 0.0654296875 0.087890625
0 0.669921875 0.294921875 0.068359375 0.0966796875
0 0.34375 0.2216796875 0.0625 0.087890625
0 0.2275390625 0.251953125 0.0576171875 0.0517578125
0 0.478515625 0.3388671875 0.044921875 0.0595703125
5 0.205078125 0.306640625 0.115234375 0.240234375
5 0.384765625 0.3759765625 0.1142578125 0.2548828125
5 0.5703125 0.353515625 0.1279296875 0.2001953125
1 0.2080078125 0.1044921875 0.09375 0.0654296875
1 0.4052734375 0.16796875 0.076171875 0.0673828125
1 0.5693359375 0.138671875 0.076171875 0.076171875
1 0.7646484375 0.1484375 0.0703125 0.0751953125
5 0.779296875 0.361328125 0.1279296875 0.25