0 0.951171875 0.287109375 0.078125 0.09765625
0 0.7001953125 0.32421875 0.08203125 0.10546875
0 0.3896484375 0.2001953125 0.076171875 0.095703125
0 0.26953125 0.2119140625 0.064453125 0.060546875
0 0.50390625 0.337890625 0.052734375 0.06640625
5 0.2392578125 0.2626953125 0.15234375 0.255859375
5 0.4052734375 0.359375 0.15234375 0.26953125
5 0.5927734375 0.3662109375 0.158203125 0.216796875
1 0.2734375 0.0634765625 0.103515625 0.080078125
1 0.4580078125 0.1572265625 0.0859375 0.078125
1 0.625 0.154296875 0.087890625 0.087890625
1 0.81640625 0.1943359375 0.08203125 0.0859375
5 0.7978515625 0.40625 0.166015625 0.267578125