3 0.7880859375 0.5126953125 0.119140625 0.14453125
3 0.484375 0.34375 0.087890625 0.076171875
3 0.4658203125 0.3193359375 0.056640625 0.0947265625
3 0.2333984375 0.3857421875 0.1005859375 0.0830078125
0 0.7236328125 0.724609375 0.083984375 0.1357421875
4 0.5673828125 0.7294921875 0.1796875 0.453125
4 0.18359375 0.3564453125 0.0673828125 0.24609375
4 0.5078125 0.2587890625 0.076171875 0.1416015625
2 0.5029296875 0.1396484375 0.0576171875 0.068359375
2 0.189453125 0.13671875 0.06640625 0.109375
2 0.5654296875 0.3447265625 0.0712890625 0.095703125