3 0.427734375 0.3076171875 0.09765625 0.091796875
3 0.9296875 0.5380859375 0.09765625 0.12109375
3 0.2333984375 0.455078125 0.125 0.10546875
3 0.2275390625 0.26171875 0.08203125 0.08984375
0 0.7666015625 0.7119140625 0.125 0.19921875
2 0.4482421875 0.1474609375 0.05078125 0.087890625
2 0.17578125 0.1806640625 0.060546875 0.12109375
2 0.6396484375 0.376953125 0.09765625 0.205078125
2 0.8916015625 0.3505859375 0.05859375 0.12890625
4 0.583984375 0.7021484375 0.16015625 0.4375
4 0.181640625 0.36328125 0.078125 0.216796875
4 0.4599609375 0.29296875 0.08203125 0.205078125
4 0.89453125 0.447265625 0.09765625 0.12890625