3 0.451171875 0.30078125 0.10546875 0.099609375
3 0.921875 0.5908203125 0.107421875 0.12890625
3 0.2412109375 0.4228515625 0.134765625 0.115234375
3 0.2587890625 0.23046875 0.08984375 0.09765625
0 0.73828125 0.7431640625 0.140625 0.208984375
2 0.4912109375 0.1435546875 0.05859375 0.091796875
2 0.2177734375 0.1435546875 0.0703125 0.125
2 0.6533203125 0.3955078125 0.115234375 0.212890625
2 0.9072265625 0.3994140625 0.068359375 0.1328125
4 0.55859375 0.7099609375 0.197265625 0.447265625
4 0.2001953125 0.3251953125 0.095703125 0.220703125
4 0.4853515625 0.2890625 0.099609375 0.2109375
4 0.8984375 0.49609375 0.107421875 0.13671875