3 0.7841796875 0.5478515625 0.13671875 0.158203125
3 0.50390625 0.3427734375 0.095703125 0.0859375
3 0.48828125 0.31640625 0.068359375 0.1015625
3 0.2490234375 0.3544921875 0.109375 0.09375
0 0.6943359375 0.75 0.099609375 0.14453125
4 0.5390625 0.736328125 0.234375 0.470703125
4 0.203125 0.3193359375 0.09765625 0.251953125
4 0.537109375 0.26171875 0.09375 0.150390625
2 0.546875 0.142578125 0.06640625 0.07421875
2 0.236328125 0.1015625 0.080078125 0.1171875
2 0.583984375 0.353515625 0.08203125 0.103515625