3 0.4306640625 0.306640625 0.095703125 0.08984375
3 0.9287109375 0.5458984375 0.095703125 0.119140625
3 0.234375 0.4501953125 0.1240234375 0.1025390625
3 0.2314453125 0.2568359375 0.080078125 0.0888671875
0 0.7626953125 0.716796875 0.12109375 0.197265625
2 0.4541015625 0.146484375 0.048828125 0.087890625
2 0.181640625 0.1748046875 0.0576171875 0.119140625
2 0.6416015625 0.3798828125 0.0947265625 0.2041015625
2 0.89453125 0.357421875 0.0556640625 0.1279296875
4 0.580078125 0.703125 0.15234375 0.4345703125
4 0.18359375 0.357421875 0.07421875 0.21484375
4 0.4638671875 0.2919921875 0.078125 0.2041015625
4 0.8955078125 0.4541015625 0.0947265625 0.1279296875