4 0.71484375 0.4111328125 0.15625 0.28515625
4 0.3505859375 0.44921875 0.140625 0.23828125
4 0.2236328125 0.59765625 0.14453125 0.220703125
2 0.318359375 0.2685546875 0.060546875 0.06640625
2 0.6591796875 0.1650390625 0.072265625 0.09765625
2 0.5380859375 0.6533203125 0.134765625 0.16015625
2 0.0546875 0.728515625 0.05078125 0.078125
0 0.52734375 0.8935546875 0.125 0.138671875
0 0.234375 0.9375 0.08203125 0.123046875
4 0.1201171875 0.923828125 0.123046875 0.15234375
4 0.720703125 0.83984375 0.265625 0.2890625