2 0.7705078125 0.2861328125 0.083984375 0.109375
2 0.181640625 0.27734375 0.068359375 0.083984375
2 0.318359375 0.2353515625 0.0703125 0.07421875
2 0.044921875 0.630859375 0.08984375 0.1796875
2 0.7705078125 0.53515625 0.138671875 0.181640625
4 0.7080078125 0.8447265625 0.240234375 0.310546875
4 0.2021484375 0.4716796875 0.13671875 0.265625
4 0.283203125 0.4189453125 0.123046875 0.265625
4 0.765625 0.396484375 0.134765625 0.091796875
4 0.03125 0.828125 0.0625 0.1953125
0 0.8935546875 0.884765625 0.09765625 0.208984375
3 0.3642578125 0.541015625 0.056640625 0.083984375
3 0.6728515625 0.4990234375 0.05078125 0.068359375