2 0.7861328125 0.5078125 0.13671875 0.20703125
2 0.7080078125 0.201171875 0.060546875 0.103515625
2 0.2021484375 0.3857421875 0.05859375 0.091796875
2 0.2314453125 0.2724609375 0.041015625 0.07421875
2 0.02734375 0.66796875 0.041015625 0.103515625
0 0.1396484375 0.90234375 0.07421875 0.111328125
0 0.9697265625 0.6904296875 0.060546875 0.228515625
4 0.7197265625 0.34765625 0.103515625 0.15625
4 0.2880859375 0.4189453125 0.080078125 0.2109375
4 0.2421875 0.51953125 0.08984375 0.162109375
4 0.80859375 0.82421875 0.248046875 0.33203125
4 0.05078125 0.892578125 0.07421875 0.21484375