4 0.7265625 0.4501953125 0.111328125 0.26953125
4 0.361328125 0.423828125 0.1025390625 0.224609375
4 0.2109375 0.5478515625 0.111328125 0.2041015625
2 0.361328125 0.240234375 0.05078125 0.05859375
2 0.71484375 0.1982421875 0.05859375 0.087890625
2 0.5107421875 0.6572265625 0.1123046875 0.142578125
2 0.021484375 0.6474609375 0.0390625 0.072265625
0 0.458984375 0.892578125 0.10546875 0.1220703125
0 0.162109375 0.884765625 0.0634765625 0.1142578125
4 0.0458984375 0.888671875 0.087890625 0.2138671875
4 0.658203125 0.873046875 0.224609375 0.25390625