2 0.787109375 0.298828125 0.080078125 0.09375
2 0.4140625 0.251953125 0.05859375 0.068359375
2 0.1904296875 0.3154296875 0.07421875 0.103515625
2 0.7255859375 0.634765625 0.13671875 0.154296875
3 0.783203125 0.5498046875 0.0703125 0.07421875
3 0.34765625 0.4560546875 0.05078125 0.060546875
3 0.197265625 0.58984375 0.0546875 0.076171875
0 0.7978515625 0.7333984375 0.1171875 0.1640625
4 0.75390625 0.4755859375 0.14453125 0.205078125
4 0.390625 0.3857421875 0.12890625 0.12890625
4 0.2060546875 0.4267578125 0.1953125 0.279296875
4 0.662109375 0.890625 0.30078125 0.21875