2 0.7197265625 0.234375 0.076171875 0.1015625
2 0.1416015625 0.3486328125 0.0625 0.078125
2 0.267578125 0.2783203125 0.064453125 0.0703125
2 0.0712890625 0.7255859375 0.09765625 0.171875
2 0.771484375 0.4775390625 0.12109375 0.169921875
4 0.7802734375 0.8154296875 0.20703125 0.33984375
4 0.2021484375 0.5341796875 0.111328125 0.2578125
4 0.271484375 0.4658203125 0.09765625 0.259765625
4 0.73828125 0.34375 0.126953125 0.080078125
4 0.08203125 0.9150390625 0.09765625 0.169921875
0 0.962890625 0.7939453125 0.07421875 0.205078125
3 0.375 0.568359375 0.05078125 0.080078125
3 0.6689453125 0.462890625 0.044921875 0.064453125