2 0.7900390625 0.240234375 0.080078125 0.107421875
2 0.3623046875 0.2197265625 0.064453125 0.080078125
2 0.2314453125 0.32421875 0.052734375 0.076171875
2 0.4658203125 0.6787109375 0.134765625 0.169921875
4 0.7451171875 0.4990234375 0.16015625 0.328125
4 0.3583984375 0.373046875 0.111328125 0.15234375
4 0.2333984375 0.4833984375 0.119140625 0.216796875
4 0.6123046875 0.8515625 0.314453125 0.296875
3 0.201171875 0.6005859375 0.044921875 0.04296875
3 0.7587890625 0.7001953125 0.041015625 0.076171875
3 0.66796875 0.62109375 0.04296875 0.09375