2 0.7294921875 0.2353515625 0.0615234375 0.08203125
2 0.3564453125 0.2802734375 0.0458984375 0.0595703125
2 0.1552734375 0.3955078125 0.052734375 0.0927734375
2 0.751953125 0.576171875 0.107421875 0.1318359375
3 0.787109375 0.4794921875 0.0556640625 0.0634765625
3 0.341796875 0.494140625 0.0400390625 0.0517578125
3 0.2275390625 0.66015625 0.0400390625 0.0693359375
0 0.845703125 0.654296875 0.083984375 0.1474609375
4 0.740234375 0.4150390625 0.1025390625 0.1865234375
4 0.3662109375 0.416015625 0.10546875 0.107421875
4 0.197265625 0.5 0.1376953125 0.2529296875
4 0.76171875 0.8740234375 0.2509765625 0.2333984375