2 0.783203125 0.2939453125 0.078125 0.09375
2 0.4091796875 0.25390625 0.05859375 0.068359375
2 0.1875 0.3203125 0.072265625 0.1015625
2 0.728515625 0.630859375 0.134765625 0.15234375
3 0.7841796875 0.544921875 0.068359375 0.07421875
3 0.34765625 0.458984375 0.05078125 0.05859375
3 0.1982421875 0.5947265625 0.0546875 0.076171875
0 0.8017578125 0.728515625 0.115234375 0.162109375
4 0.7529296875 0.4716796875 0.142578125 0.205078125
4 0.388671875 0.3876953125 0.126953125 0.12890625
4 0.205078125 0.431640625 0.19140625 0.27734375
4 0.669921875 0.890625 0.296875 0.21875