2 0.7333984375 0.24609375 0.0703125 0.0986328125
2 0.150390625 0.330078125 0.0576171875 0.076171875
2 0.279296875 0.2666015625 0.060546875 0.06640625
2 0.0595703125 0.703125 0.0888671875 0.1669921875
2 0.7724609375 0.4921875 0.11328125 0.1650390625
4 0.763671875 0.830078125 0.1904296875 0.330078125
4 0.201171875 0.5185546875 0.0986328125 0.25390625
4 0.2734375 0.4541015625 0.083984375 0.255859375
4 0.74609375 0.3564453125 0.1240234375 0.0732421875
4 0.0615234375 0.9013671875 0.0888671875 0.18359375
0 0.94921875 0.818359375 0.06640625 0.201171875
3 0.3720703125 0.5615234375 0.0458984375 0.078125
3 0.6708984375 0.4716796875 0.041015625 0.0625