2 0.78515625 0.47265625 0.158203125 0.220703125
2 0.669921875 0.1787109375 0.072265625 0.109375
2 0.1904296875 0.4228515625 0.068359375 0.09765625
2 0.2060546875 0.306640625 0.05078125 0.078125
2 0.0517578125 0.7236328125 0.052734375 0.107421875
0 0.19140625 0.9423828125 0.0859375 0.115234375
0 0.97265625 0.6298828125 0.0546875 0.232421875
4 0.69921875 0.322265625 0.12109375 0.166015625
4 0.2802734375 0.4453125 0.103515625 0.216796875
4 0.24609375 0.55078125 0.107421875 0.169921875
4 0.845703125 0.7841796875 0.28515625 0.35546875
4 0.1044921875 0.9169921875 0.103515625 0.166015625