2 0.74609375 0.1982421875 0.0654296875 0.0986328125
2 0.3203125 0.2451171875 0.052734375 0.0732421875
2 0.20703125 0.3681640625 0.04296875 0.0693359375
2 0.494140625 0.681640625 0.111328125 0.154296875
4 0.7421875 0.4609375 0.11328125 0.3134765625
4 0.33984375 0.396484375 0.0908203125 0.140625
4 0.234375 0.525390625 0.0888671875 0.205078125
4 0.6689453125 0.849609375 0.271484375 0.296875
3 0.220703125 0.646484375 0.0400390625 0.037109375
3 0.787109375 0.6572265625 0.0302734375 0.072265625
3 0.6845703125 0.59375 0.029296875 0.08984375