2 0.78515625 0.5224609375 0.1259765625 0.201171875
2 0.7236328125 0.212890625 0.0546875 0.1015625
2 0.208984375 0.3701171875 0.0537109375 0.08984375
2 0.244140625 0.2587890625 0.0380859375 0.072265625
2 0.01953125 0.642578125 0.03515625 0.1025390625
0 0.119140625 0.8828125 0.068359375 0.107421875
0 0.966796875 0.71484375 0.064453125 0.224609375
4 0.7275390625 0.359375 0.0966796875 0.1513671875
4 0.29296875 0.408203125 0.068359375 0.2080078125
4 0.2412109375 0.505859375 0.0810546875 0.158203125
4 0.791015625 0.83984375 0.232421875 0.3193359375
4 0.03125 0.880859375 0.0625 0.2373046875