2 0.7509765625 0.2021484375 0.06640625 0.099609375
2 0.3251953125 0.2421875 0.0546875 0.07421875
2 0.208984375 0.36328125 0.044921875 0.0703125
2 0.4912109375 0.681640625 0.11328125 0.15625
4 0.7431640625 0.46484375 0.119140625 0.314453125
4 0.341796875 0.3935546875 0.09375 0.142578125
4 0.234375 0.5205078125 0.091796875 0.20703125
4 0.662109375 0.8505859375 0.27734375 0.298828125
3 0.2177734375 0.6416015625 0.041015625 0.037109375
3 0.7841796875 0.662109375 0.03125 0.072265625
3 0.6826171875 0.5966796875 0.03125 0.08984375