2 0.3388671875 0.1474609375 0.0390625 0.046875
2 0.671875 0.41015625 0.0859375 0.125
2 0.708984375 0.1650390625 0.060546875 0.08203125
2 0.798828125 0.166015625 0.05859375 0.068359375
2 0.224609375 0.3515625 0.0703125 0.06640625
0 0.2802734375 0.5595703125 0.060546875 0.078125
0 0.19140625 0.5185546875 0.041015625 0.0546875
0 0.5888671875 0.68359375 0.0703125 0.09765625
4 0.7216796875 0.3330078125 0.103515625 0.234375
4 0.8408203125 0.298828125 0.080078125 0.17578125
4 0.275390625 0.5361328125 0.1171875 0.22265625
4 0.357421875 0.2841796875 0.09375 0.189453125