2 0.302734375 0.1669921875 0.04296875 0.048828125
2 0.6611328125 0.392578125 0.09765625 0.12890625
2 0.6728515625 0.1455078125 0.068359375 0.0859375
2 0.76171875 0.13671875 0.064453125 0.07421875
2 0.2109375 0.380859375 0.076171875 0.072265625
0 0.287109375 0.58203125 0.068359375 0.08203125
0 0.1953125 0.55078125 0.044921875 0.056640625
0 0.607421875 0.673828125 0.080078125 0.103515625
4 0.703125 0.310546875 0.125 0.23828125
4 0.818359375 0.263671875 0.09765625 0.1796875
4 0.2802734375 0.5595703125 0.138671875 0.228515625
4 0.3359375 0.30078125 0.109375 0.193359375