3 0.16015625 0.544921875 0.064453125 0.09765625
3 0.2705078125 0.58203125 0.126953125 0.11328125
3 0.4482421875 0.4169921875 0.099609375 0.19921875
0 0.8291015625 0.8662109375 0.107421875 0.17578125
2 0.67578125 0.5087890625 0.107421875 0.1171875
2 0.7666015625 0.16796875 0.056640625 0.08203125
2 0.3994140625 0.208984375 0.0546875 0.080078125
2 0.203125 0.4130859375 0.06640625 0.08984375
4 0.26171875 0.5751953125 0.154296875 0.265625
4 0.7353515625 0.62109375 0.173828125 0.19140625
4 0.8115234375 0.28515625 0.115234375 0.189453125
4 0.4072265625 0.365234375 0.08984375 0.236328125
2 0.587890625 0.9541015625 0.1171875 0.08984375