3 0.2470703125 0.623046875 0.07421875 0.205078125
3 0.33984375 0.61328125 0.0546875 0.2109375
3 0.48046875 0.33203125 0.04296875 0.15625
3 0.5771484375 0.23046875 0.08984375 0.0859375
0 0.654296875 0.7353515625 0.169921875 0.13671875
0 0.5263671875 0.7236328125 0.130859375 0.15234375
4 0.27734375 0.5458984375 0.115234375 0.216796875
4 0.869140625 0.3388671875 0.060546875 0.154296875
2 0.6005859375 0.4794921875 0.0859375 0.123046875
2 0.2763671875 0.375 0.068359375 0.083984375
2 0.4990234375 0.14453125 0.029296875 0.046875