2 0.689453125 0.337890625 0.056640625 0.0986328125
2 0.2958984375 0.2939453125 0.046875 0.095703125
2 0.560546875 0.1669921875 0.0361328125 0.0498046875
2 0.533203125 0.2509765625 0.029296875 0.056640625
4 0.3173828125 0.443359375 0.091796875 0.2236328125
4 0.712890625 0.560546875 0.076171875 0.2734375
4 0.8603515625 0.3271484375 0.06640625 0.140625
4 0.568359375 0.271484375 0.052734375 0.1259765625
0 0.6171875 0.6142578125 0.068359375 0.076171875
3 0.3134765625 0.5634765625 0.0234375 0.0849609375
3 0.591796875 0.2177734375 0.0361328125 0.046875