2 0.677734375 0.3251953125 0.0625 0.1015625
2 0.2822265625 0.30859375 0.052734375 0.099609375
2 0.537109375 0.1640625 0.0390625 0.052734375
2 0.515625 0.2490234375 0.033203125 0.05859375
4 0.3134765625 0.4560546875 0.107421875 0.228515625
4 0.716796875 0.5458984375 0.095703125 0.27734375
4 0.84765625 0.302734375 0.076171875 0.14453125
4 0.552734375 0.267578125 0.060546875 0.12890625
0 0.625 0.60546875 0.07421875 0.080078125
3 0.318359375 0.576171875 0.029296875 0.0859375
3 0.572265625 0.2119140625 0.0390625 0.048828125