3 0.294921875 0.69140625 0.1171875 0.212890625
3 0.3798828125 0.6552734375 0.099609375 0.21484375
3 0.4326171875 0.345703125 0.076171875 0.16015625
3 0.494140625 0.2197265625 0.10546875 0.1015625
0 0.7158203125 0.6796875 0.193359375 0.169921875
0 0.5908203125 0.7060546875 0.16015625 0.17578125
4 0.30078125 0.609375 0.158203125 0.234375
4 0.8056640625 0.23828125 0.09375 0.162109375
2 0.58984375 0.4501953125 0.111328125 0.138671875
2 0.25 0.4453125 0.083984375 0.095703125
2 0.39453125 0.16015625 0.0390625 0.052734375