3 0.251953125 0.6318359375 0.0673828125 0.203125
3 0.34375 0.619140625 0.0478515625 0.2099609375
3 0.474609375 0.3330078125 0.037109375 0.1552734375
3 0.5673828125 0.2275390625 0.087890625 0.08203125
0 0.662109375 0.7294921875 0.1650390625 0.1318359375
0 0.5341796875 0.72265625 0.1259765625 0.1474609375
4 0.279296875 0.5537109375 0.107421875 0.2138671875
4 0.86328125 0.326171875 0.0556640625 0.15234375
2 0.599609375 0.4755859375 0.08203125 0.12109375
2 0.2724609375 0.3828125 0.0654296875 0.08203125
2 0.486328125 0.14453125 0.0283203125 0.046875