2 0.71875 0.380859375 0.076171875 0.107421875
2 0.3427734375 0.255859375 0.06640625 0.103515625
2 0.62890625 0.1865234375 0.044921875 0.056640625
2 0.583984375 0.263671875 0.041015625 0.060546875
4 0.3330078125 0.40625 0.13671875 0.23828125
4 0.6953125 0.603515625 0.130859375 0.283203125
4 0.888671875 0.40625 0.09375 0.150390625
4 0.6142578125 0.291015625 0.078125 0.134765625
0 0.5908203125 0.6357421875 0.08203125 0.087890625
3 0.3046875 0.5234375 0.041015625 0.087890625
3 0.6484375 0.2431640625 0.044921875 0.052734375