3 0.158203125 0.4736328125 0.052734375 0.091796875
3 0.2587890625 0.5322265625 0.115234375 0.099609375
3 0.466796875 0.408203125 0.07421875 0.193359375
0 0.74609375 0.921875 0.0859375 0.15625
2 0.669921875 0.544921875 0.095703125 0.10546875
2 0.830078125 0.2314453125 0.046875 0.076171875
2 0.4619140625 0.1943359375 0.044921875 0.07421875
2 0.2275390625 0.353515625 0.0546875 0.083984375
4 0.2509765625 0.5234375 0.12109375 0.251953125
4 0.705078125 0.6669921875 0.15234375 0.173828125
4 0.8486328125 0.3544921875 0.091796875 0.1796875
4 0.4365234375 0.349609375 0.05859375 0.232421875
2 0.4912109375 0.9619140625 0.107421875 0.076171875