3 0.1572265625 0.4853515625 0.048828125 0.08984375
3 0.259765625 0.541015625 0.1123046875 0.095703125
3 0.4638671875 0.4091796875 0.0673828125 0.1904296875
0 0.7607421875 0.91796875 0.080078125 0.1640625
2 0.671875 0.5390625 0.091796875 0.1025390625
2 0.8203125 0.2197265625 0.044921875 0.0751953125
2 0.451171875 0.1962890625 0.0419921875 0.0732421875
2 0.22265625 0.36328125 0.052734375 0.08203125
4 0.251953125 0.5322265625 0.1123046875 0.2490234375
4 0.7109375 0.66015625 0.1474609375 0.16796875
4 0.84375 0.3427734375 0.0859375 0.1767578125
4 0.431640625 0.3515625 0.0498046875 0.23046875
2 0.5078125 0.962890625 0.10546875 0.072265625