2 0.3828125 0.130859375 0.03515625 0.0419921875
2 0.681640625 0.431640625 0.0732421875 0.1162109375
2 0.748046875 0.193359375 0.0517578125 0.076171875
2 0.8369140625 0.205078125 0.0517578125 0.0634765625
2 0.2451171875 0.3193359375 0.064453125 0.05859375
0 0.2744140625 0.5322265625 0.052734375 0.0712890625
0 0.19140625 0.48046875 0.03515625 0.0498046875
0 0.5654296875 0.693359375 0.060546875 0.091796875
4 0.740234375 0.361328125 0.076171875 0.2265625
4 0.86328125 0.341796875 0.060546875 0.169921875
4 0.2724609375 0.5087890625 0.0927734375 0.2138671875
4 0.384765625 0.2685546875 0.0712890625 0.181640625