4 0.052734375 0.251953125 0.07421875 0.1044921875
4 0.31640625 0.287109375 0.0576171875 0.15625
4 0.4306640625 0.28515625 0.0732421875 0.1484375
4 0.564453125 0.2685546875 0.064453125 0.1318359375
4 0.650390625 0.2919921875 0.099609375 0.1015625
4 0.283203125 0.1748046875 0.033203125 0.083984375
4 0.3515625 0.1748046875 0.0419921875 0.0888671875
4 0.5166015625 0.1875 0.0322265625 0.111328125
4 0.8330078125 0.1806640625 0.0537109375 0.0888671875
1 0.2255859375 0.3564453125 0.12109375 0.1240234375
1 0.58203125 0.669921875 0.109375 0.1103515625
1 0.8408203125 0.5185546875 0.1591796875 0.16015625
1 0.5615234375 0.1572265625 0.04296875 0.0390625
1 0.7099609375 0.22265625 0.0439453125 0.0390625
1 0.8369140625 0.1025390625 0.0263671875 0.0283203125
1 0.517578125 0.09765625 0.02734375 0.0283203125
1 0.4658203125 0.107421875 0.03125 0.0302734375
1 0.357421875 0.1044921875 0.0244140625 0.0322265625
1 0.0517578125 0.154296875 0.0517578125 0.04296875
1 0.978515625 0.3720703125 0.04296875 0.0634765625
1 0.4560546875 0.1875 0.0546875 0.0654296875
1 0.3046875 0.1181640625 0.0185546875 0.0205078125