4 0.0712890625 0.2216796875 0.08203125 0.109375
4 0.33203125 0.2744140625 0.068359375 0.16015625
4 0.4462890625 0.28125 0.083984375 0.15234375
4 0.580078125 0.2734375 0.07421875 0.13671875
4 0.6640625 0.302734375 0.107421875 0.107421875
4 0.306640625 0.16015625 0.0390625 0.0859375
4 0.375 0.1650390625 0.048828125 0.091796875
4 0.5380859375 0.189453125 0.0390625 0.11328125
4 0.8544921875 0.205078125 0.060546875 0.091796875
1 0.236328125 0.337890625 0.12890625 0.1328125
1 0.5703125 0.6748046875 0.1171875 0.1171875
1 0.8388671875 0.5419921875 0.169921875 0.169921875
1 0.5849609375 0.162109375 0.044921875 0.041015625
1 0.728515625 0.23828125 0.046875 0.04296875
1 0.8642578125 0.126953125 0.02734375 0.029296875
1 0.5458984375 0.099609375 0.029296875 0.029296875
1 0.4931640625 0.1064453125 0.033203125 0.033203125
1 0.3857421875 0.095703125 0.02734375 0.033203125
1 0.0771484375 0.1240234375 0.0546875 0.046875
1 0.9814453125 0.404296875 0.037109375 0.06640625
1 0.4775390625 0.185546875 0.05859375 0.068359375
1 0.33203125 0.10546875 0.01953125 0.021484375