4 0.0400390625 0.275390625 0.080078125 0.107421875
4 0.3056640625 0.296875 0.06640625 0.158203125
4 0.419921875 0.2890625 0.080078125 0.15234375
4 0.552734375 0.265625 0.0703125 0.134765625
4 0.6396484375 0.2841796875 0.10546875 0.107421875
4 0.2666015625 0.1865234375 0.037109375 0.0859375
4 0.3349609375 0.1826171875 0.046875 0.091796875
4 0.5 0.1875 0.037109375 0.11328125
4 0.8154296875 0.1640625 0.05859375 0.091796875
1 0.21875 0.37109375 0.126953125 0.130859375
1 0.5908203125 0.6650390625 0.115234375 0.115234375
1 0.841796875 0.5009765625 0.16796875 0.16796875
1 0.5439453125 0.154296875 0.044921875 0.041015625
1 0.6953125 0.2119140625 0.046875 0.041015625
1 0.8154296875 0.0859375 0.02734375 0.029296875
1 0.49609375 0.09765625 0.029296875 0.029296875
1 0.4453125 0.109375 0.033203125 0.03125
1 0.3369140625 0.1123046875 0.025390625 0.033203125
1 0.0341796875 0.1787109375 0.0546875 0.044921875
1 0.970703125 0.34765625 0.046875 0.06640625
1 0.439453125 0.1904296875 0.05859375 0.068359375
1 0.28515625 0.12890625 0.01953125 0.021484375