4 0.5478515625 0.5048828125 0.09765625 0.189453125
4 0.48046875 0.53125 0.103515625 0.201171875
4 0.4189453125 0.568359375 0.09375 0.203125
4 0.208984375 0.642578125 0.169921875 0.291015625
4 0.3359375 0.6171875 0.12890625 0.220703125
4 0.9150390625 0.498046875 0.169921875 0.359375
1 0.1640625 0.408203125 0.0859375 0.078125
1 0.29296875 0.4443359375 0.06640625 0.0625
1 0.3798828125 0.4091796875 0.0625 0.060546875
1 0.4462890625 0.3828125 0.052734375 0.046875
1 0.513671875 0.3681640625 0.046875 0.037109375
1 0.84765625 0.2470703125 0.109375 0.087890625