2 0.7622395833333333 0.25601851851851853 0.071875 0.09722222222222222
2 0.875 0.3416666666666667 0.07552083333333333 0.11574074074074074
2 0.31640625 0.15185185185185185 0.0703125 0.10277777777777777
2 0.5932291666666667 0.25324074074074077 0.0625 0.10555555555555556
2 0.10416666666666667 0.13194444444444445 0.07552083333333333 0.12407407407407407
5 0.725 0.46064814814814814 0.11197916666666667 0.2962962962962963
5 0.7203125 0.462037037037037 0.11927083333333334 0.2861111111111111
5 0.8315104166666667 0.5444444444444444 0.1140625 0.2953703703703704
5 0.5708333333333333 0.4583333333333333 0.12239583333333333 0.31203703703703706
5 0.28958333333333336 0.3768518518518518 0.14479166666666668 0.3148148148148148
5 0.12552083333333333 0.3263888888888889 0.115625 0.24444444444444444