4 0.919921875 0.611328125 0.13671875 0.3330078125
4 0.3232421875 0.642578125 0.0625 0.1376953125
4 0.080078125 0.6484375 0.0439453125 0.095703125
4 0.4677734375 0.6533203125 0.078125 0.1767578125
4 0.2529296875 0.6591796875 0.0517578125 0.1416015625
4 0.185546875 0.669921875 0.0419921875 0.1142578125
4 0.6533203125 0.6708984375 0.0966796875 0.2373046875
1 0.8720703125 0.34375 0.091796875 0.08984375
1 0.63671875 0.4658203125 0.0634765625 0.0654296875
1 0.4365234375 0.4951171875 0.0439453125 0.0478515625
1 0.3017578125 0.53515625 0.0478515625 0.041015625
1 0.2392578125 0.548828125 0.0380859375 0.03515625
1 0.1689453125 0.572265625 0.0302734375 0.041015625
1 0.0625 0.58203125 0.0283203125 0.03125