4 0.8681640625 0.4677734375 0.263671875 0.470703125
4 0.4091796875 0.6298828125 0.306640625 0.453125
4 0.232421875 0.69921875 0.22265625 0.318359375
4 0.125 0.7490234375 0.25 0.478515625
4 0.779296875 0.6494140625 0.3203125 0.427734375
1 0.7333984375 0.12109375 0.17578125 0.162109375
1 0.666015625 0.2783203125 0.16015625 0.162109375
1 0.5654296875 0.24609375 0.111328125 0.111328125
1 0.306640625 0.2890625 0.12890625 0.107421875
1 0.1357421875 0.408203125 0.095703125 0.099609375
1 0.052734375 0.3759765625 0.10546875 0.158203125