1 0.4541015625 0.302734375 0.1162109375 0.1806640625
1 0.6123046875 0.2158203125 0.0888671875 0.078125
1 0.744140625 0.18359375 0.12890625 0.1513671875
5 0.40234375 0.515625 0.1826171875 0.271484375
5 0.6572265625 0.4697265625 0.1220703125 0.2802734375
5 0.896484375 0.3935546875 0.2041015625 0.3232421875
3 0.4658203125 0.81640625 0.080078125 0.095703125
3 0.478515625 0.5419921875 0.05859375 0.1298828125
3 0.6875 0.72265625 0.048828125 0.111328125
3 0.56640625 0.279296875 0.0400390625 0.0986328125
0 0.794921875 0.486328125 0.080078125 0.1298828125
0 0.7880859375 0.6513671875 0.052734375 0.1552734375