1 0.4794921875 0.19140625 0.0546875 0.078125
1 0.6298828125 0.2001953125 0.0546875 0.0859375
1 0.6796875 0.212890625 0.056640625 0.083984375
5 0.5673828125 0.392578125 0.08984375 0.27734375
5 0.3359375 0.390625 0.1015625 0.333984375
5 0.21875 0.4013671875 0.115234375 0.328125
5 0.1240234375 0.419921875 0.142578125 0.32421875
5 0.681640625 0.4482421875 0.09765625 0.287109375
5 0.4755859375 0.443359375 0.1171875 0.328125
1 0.435546875 0.1201171875 0.048828125 0.078125
1 0.212890625 0.1474609375 0.05859375 0.1015625
1 0.267578125 0.15234375 0.044921875 0.06640625
1 0.52734375 0.162109375 0.044921875 0.0859375
1 0.39453125 0.158203125 0.052734375 0.072265625
1 0.337890625 0.15625 0.05859375 0.07421875
1 0.5673828125 0.1787109375 0.0546875 0.091796875
1 0.1328125 0.171875 0.064453125 0.08984375