2 0.482421875 0.5673828125 0.048828125 0.052734375
4 0.255859375 0.623046875 0.08984375 0.169921875
4 0.462890625 0.6689453125 0.08984375 0.130859375
4 0.3935546875 0.658203125 0.09375 0.154296875
4 0.322265625 0.6455078125 0.095703125 0.140625
4 0.6005859375 0.69921875 0.08984375 0.162109375
4 0.6640625 0.7138671875 0.09765625 0.166015625
4 0.5322265625 0.7197265625 0.095703125 0.15234375
1 0.2822265625 0.4921875 0.048828125 0.046875
1 0.34375 0.5224609375 0.044921875 0.044921875
1 0.4140625 0.529296875 0.041015625 0.04296875
1 0.552734375 0.6005859375 0.048828125 0.046875
1 0.6220703125 0.568359375 0.048828125 0.052734375
1 0.6884765625 0.5927734375 0.05078125 0.04296875