2 0.1865234375 0.416015625 0.0556640625 0.0458984375
2 0.3125 0.3720703125 0.046875 0.0498046875
2 0.404296875 0.3427734375 0.0576171875 0.0458984375
2 0.49609375 0.5048828125 0.0458984375 0.0517578125
4 0.185546875 0.7216796875 0.109375 0.2998046875
4 0.3076171875 0.6640625 0.099609375 0.3046875
4 0.4052734375 0.62890625 0.0966796875 0.294921875
4 0.5087890625 0.76171875 0.1142578125 0.3193359375
1 0.5478515625 0.3154296875 0.0673828125 0.0908203125
1 0.73828125 0.3095703125 0.0576171875 0.080078125
1 0.8583984375 0.337890625 0.0673828125 0.09375