4 0.876953125 0.5673828125 0.181640625 0.4384765625
4 0.37890625 0.6015625 0.2060546875 0.4140625
4 0.1904296875 0.623046875 0.15234375 0.2880859375
4 0.0712890625 0.642578125 0.1416015625 0.4580078125
4 0.7314453125 0.716796875 0.23046875 0.380859375
1 0.9599609375 0.0615234375 0.080078125 0.123046875
1 0.8232421875 0.1943359375 0.1484375 0.12890625
1 0.7177734375 0.3291015625 0.130859375 0.1328125
1 0.62890625 0.271484375 0.0908203125 0.091796875
1 0.3681640625 0.24609375 0.1123046875 0.08203125
1 0.171875 0.3173828125 0.0771484375 0.08203125
1 0.072265625 0.2568359375 0.138671875 0.126953125