2 0.240234375 0.2978515625 0.072265625 0.1171875
5 0.6201171875 0.4033203125 0.1015625 0.197265625
5 0.4609375 0.4384765625 0.11328125 0.232421875
5 0.7060546875 0.4208984375 0.091796875 0.2265625
5 0.544921875 0.4560546875 0.109375 0.244140625
5 0.359375 0.4853515625 0.130859375 0.248046875
5 0.8056640625 0.47265625 0.154296875 0.337890625
5 0.919921875 0.4658203125 0.16015625 0.380859375
1 0.3037109375 0.6875 0.076171875 0.12890625
1 0.416015625 0.5595703125 0.064453125 0.08203125
1 0.51171875 0.53125 0.060546875 0.076171875
1 0.6220703125 0.52734375 0.05859375 0.087890625
1 0.708984375 0.5625 0.078125 0.109375
1 0.7548828125 0.2119140625 0.078125 0.08984375
1 0.830078125 0.1669921875 0.0546875 0.068359375
1 0.8828125 0.1806640625 0.078125 0.099609375
1 0.6689453125 0.2294921875 0.068359375 0.080078125
1 0.7109375 0.220703125 0.041015625 0.037109375
1 0.6513671875 0.18359375 0.046875 0.0546875
1 0.5810546875 0.21875 0.064453125 0.095703125
1 0.5419921875 0.21484375 0.041015625 0.0546875
1 0.5078125 0.2568359375 0.05078125 0.056640625
1 0.4501953125 0.2724609375 0.05078125 0.06640625
1 0.3740234375 0.2490234375 0.044921875 0.052734375
1 0.3349609375 0.3017578125 0.0546875 0.05859375
1 0.271484375 0.23828125 0.0546875 0.05859375
1 0.310546875 0.1982421875 0.048828125 0.05078125
1 0.146484375 0.2587890625 0.08203125 0.083984375
1 0.42578125 0.19921875 0.046875 0.056640625
1 0.517578125 0.2138671875 0.029296875 0.037109375