5 0.3525390625 0.3154296875 0.095703125 0.173828125
5 0.623046875 0.2646484375 0.15625 0.23828125
5 0.435546875 0.3154296875 0.111328125 0.19140625
5 0.880859375 0.2568359375 0.15625 0.357421875
5 0.1064453125 0.408203125 0.208984375 0.31640625
1 0.4052734375 0.1904296875 0.06640625 0.07421875
1 0.0791015625 0.1875 0.08203125 0.09375
1 0.203125 0.23828125 0.0625 0.0625
1 0.3408203125 0.19140625 0.05078125 0.05078125
1 0.8076171875 0.1298828125 0.060546875 0.056640625
1 0.8369140625 0.025390625 0.095703125 0.05078125
0 0.6923828125 0.3916015625 0.037109375 0.0625
0 0.5927734375 0.3818359375 0.037109375 0.052734375
0 0.513671875 0.4189453125 0.03125 0.04296875
0 0.40234375 0.427734375 0.029296875 0.04296875
0 0.3466796875 0.453125 0.03515625 0.048828125
0 0.3017578125 0.4970703125 0.029296875 0.037109375
0 0.2421875 0.52734375 0.04296875 0.048828125
3 0.2958984375 0.3466796875 0.064453125 0.068359375
3 0.109375 0.5751953125 0.0546875 0.0859375
0 0.0654296875 0.5751953125 0.048828125 0.056640625
0 0.869140625 0.3935546875 0.037109375 0.0546875
5 0.2451171875 0.41796875 0.080078125 0.11328125
1 0.5966796875 0.1005859375 0.07421875 0.064453125