2 0.1962890625 0.5478515625 0.056640625 0.0703125
2 0.71875 0.4794921875 0.0703125 0.0859375
4 0.2236328125 0.669921875 0.099609375 0.177734375
4 0.4365234375 0.65234375 0.126953125 0.205078125
4 0.83203125 0.6103515625 0.12890625 0.224609375
4 0.736328125 0.6630859375 0.15234375 0.25
1 0.4150390625 0.515625 0.044921875 0.056640625
1 0.806640625 0.4189453125 0.072265625 0.078125
3 0.2724609375 0.6806640625 0.037109375 0.046875
3 0.4453125 0.7294921875 0.0390625 0.048828125
3 0.7080078125 0.8310546875 0.048828125 0.08203125
3 0.8125 0.7958984375 0.03515625 0.0703125
3 0.83984375 0.7841796875 0.041015625 0.076171875
3 0.9150390625 0.7412109375 0.037109375 0.064453125