4 0.5458984375 0.5146484375 0.0615234375 0.1796875
4 0.474609375 0.5263671875 0.0654296875 0.1923828125
4 0.40625 0.5498046875 0.0546875 0.1953125
4 0.185546875 0.5791015625 0.115234375 0.2724609375
4 0.3154296875 0.5810546875 0.0869140625 0.20703125
4 0.9140625 0.5859375 0.115234375 0.3427734375
1 0.1904296875 0.3408203125 0.07421875 0.0634765625
1 0.3095703125 0.40234375 0.0576171875 0.0517578125
1 0.4013671875 0.3857421875 0.052734375 0.0498046875
1 0.4716796875 0.3740234375 0.044921875 0.0380859375
1 0.541015625 0.3740234375 0.041015625 0.029296875
1 0.892578125 0.3251953125 0.0966796875 0.0693359375