2 0.408203125 0.3544921875 0.05859375 0.0693359375
2 0.3125 0.3876953125 0.0576171875 0.091796875
2 0.1865234375 0.4365234375 0.072265625 0.0888671875
2 0.4951171875 0.509765625 0.0498046875 0.080078125
5 0.5771484375 0.5947265625 0.10546875 0.3388671875
5 0.7373046875 0.6025390625 0.1142578125 0.2890625
4 0.4111328125 0.60546875 0.09375 0.2890625
5 0.869140625 0.642578125 0.1162109375 0.34765625
4 0.3095703125 0.6474609375 0.109375 0.3056640625
4 0.1875 0.6875 0.126953125 0.2919921875
4 0.5048828125 0.7626953125 0.0986328125 0.2529296875