5 0.4150390625 0.7265625 0.09375 0.171875
5 0.564453125 0.7919921875 0.07421875 0.158203125
1 0.7490234375 0.759765625 0.0703125 0.07421875
1 0.580078125 0.6650390625 0.052734375 0.060546875
1 0.44140625 0.591796875 0.052734375 0.052734375
1 0.4072265625 0.4736328125 0.041015625 0.05859375
1 0.4375 0.4072265625 0.0390625 0.048828125
1 0.3125 0.294921875 0.03515625 0.048828125
1 0.29296875 0.2705078125 0.03125 0.0546875
1 0.255859375 0.2353515625 0.041015625 0.056640625
1 0.21875 0.2431640625 0.0234375 0.02734375
1 0.4794921875 0.3017578125 0.0234375 0.025390625
5 0.60546875 0.4248046875 0.046875 0.0859375
5 0.474609375 0.37109375 0.0625 0.09765625
5 0.3759765625 0.576171875 0.078125 0.14453125
5 0.2919921875 0.3935546875 0.087890625 0.13671875
0 0.4013671875 0.73828125 0.03125 0.0390625
0 0.3955078125 0.625 0.02734375 0.037109375
0 0.1953125 0.3046875 0.029296875 0.037109375
5 0.73828125 0.8798828125 0.115234375 0.1484375
5 0.34375 0.3681640625 0.046875 0.103515625
0 0.67578125 0.39453125 0.013671875 0.017578125