2 0.2705078125 0.263671875 0.056640625 0.111328125
5 0.6328125 0.4208984375 0.0771484375 0.1875
5 0.4697265625 0.43359375 0.08203125 0.2236328125
5 0.71484375 0.4501953125 0.0625 0.220703125
5 0.55078125 0.462890625 0.0771484375 0.236328125
5 0.36328125 0.4658203125 0.0986328125 0.236328125
5 0.806640625 0.515625 0.1103515625 0.3251953125
5 0.92578125 0.5263671875 0.12109375 0.3681640625
1 0.279296875 0.658203125 0.060546875 0.12109375
1 0.408203125 0.546875 0.0537109375 0.076171875
1 0.5068359375 0.5322265625 0.0517578125 0.0693359375
1 0.6171875 0.5439453125 0.046875 0.0830078125
1 0.6982421875 0.5908203125 0.0654296875 0.1015625
1 0.79296875 0.25 0.06640625 0.08203125
1 0.873046875 0.2158203125 0.046875 0.0625
1 0.923828125 0.2373046875 0.06640625 0.091796875
1 0.705078125 0.255859375 0.05859375 0.072265625
1 0.748046875 0.2529296875 0.037109375 0.0322265625
1 0.6943359375 0.2080078125 0.041015625 0.0498046875
1 0.619140625 0.232421875 0.052734375 0.08984375
1 0.5810546875 0.2236328125 0.03515625 0.0498046875
1 0.5419921875 0.2607421875 0.044921875 0.05078125
1 0.482421875 0.267578125 0.0419921875 0.060546875
1 0.41015625 0.234375 0.0390625 0.0478515625
1 0.3642578125 0.2802734375 0.048828125 0.0517578125
1 0.310546875 0.208984375 0.0478515625 0.0517578125
1 0.3544921875 0.1748046875 0.04296875 0.044921875
1 0.18359375 0.2119140625 0.0712890625 0.0751953125
1 0.46875 0.19140625 0.041015625 0.0517578125
1 0.5576171875 0.21875 0.025390625 0.0341796875