5 0.451171875 0.7373046875 0.0693359375 0.1630859375
5 0.609375 0.7783203125 0.0517578125 0.15234375
1 0.7861328125 0.7177734375 0.0615234375 0.064453125
1 0.6044921875 0.650390625 0.044921875 0.0546875
1 0.4560546875 0.599609375 0.0458984375 0.046875
1 0.404296875 0.48828125 0.033203125 0.0546875
1 0.423828125 0.41796875 0.0322265625 0.0439453125
1 0.283203125 0.3271484375 0.0283203125 0.0458984375
1 0.259765625 0.3056640625 0.0224609375 0.0517578125
1 0.2177734375 0.2763671875 0.0322265625 0.052734375
1 0.181640625 0.2900390625 0.01953125 0.025390625
1 0.44921875 0.3076171875 0.01953125 0.0224609375
5 0.5927734375 0.4091796875 0.03515625 0.0810546875
5 0.455078125 0.376953125 0.0478515625 0.091796875
5 0.3896484375 0.5947265625 0.056640625 0.13671875
5 0.2783203125 0.427734375 0.0693359375 0.126953125
0 0.439453125 0.7509765625 0.025390625 0.03515625
0 0.416015625 0.6396484375 0.021484375 0.03515625
0 0.1689453125 0.3544921875 0.0234375 0.0341796875
5 0.794921875 0.837890625 0.0947265625 0.134765625
5 0.3251953125 0.39453125 0.0322265625 0.1005859375
0 0.6572265625 0.3681640625 0.01171875 0.0166015625