1 0.10546875 0.22265625 0.111328125 0.119140625
1 0.3046875 0.34375 0.10546875 0.10546875
1 0.458984375 0.2119140625 0.115234375 0.109375
1 0.6259765625 0.2822265625 0.1015625 0.109375
1 0.833984375 0.2431640625 0.130859375 0.123046875
5 0.162109375 0.5283203125 0.224609375 0.419921875
5 0.3603515625 0.63671875 0.21875 0.388671875
5 0.7236328125 0.62109375 0.236328125 0.423828125
5 0.8828125 0.6298828125 0.234375 0.513671875
4 0.52734375 0.5126953125 0.220703125 0.3671875
3 0.59765625 0.6162109375 0.080078125 0.1171875
3 0.2763671875 0.7646484375 0.05078125 0.091796875
3 0.3212890625 0.82421875 0.044921875 0.0703125
3 0.6982421875 0.6708984375 0.064453125 0.078125
3 0.6630859375 0.6767578125 0.046875 0.06640625