5 0.3818359375 0.5185546875 0.119140625 0.1953125
5 0.6826171875 0.501953125 0.103515625 0.1953125
5 0.8271484375 0.4931640625 0.125 0.208984375
5 0.50390625 0.54296875 0.111328125 0.205078125
5 0.5908203125 0.541015625 0.08984375 0.197265625
5 0.291015625 0.591796875 0.10546875 0.205078125
5 0.2099609375 0.6015625 0.08984375 0.205078125
1 0.205078125 0.439453125 0.052734375 0.0625
1 0.2666015625 0.4404296875 0.064453125 0.0703125
1 0.328125 0.3837890625 0.046875 0.048828125
1 0.3642578125 0.3310546875 0.064453125 0.064453125
1 0.4384765625 0.3828125 0.048828125 0.04296875
1 0.494140625 0.3623046875 0.056640625 0.0625
1 0.5859375 0.37109375 0.056640625 0.05078125
1 0.6650390625 0.322265625 0.05859375 0.0703125
1 0.716796875 0.3193359375 0.056640625 0.06640625
1 0.81640625 0.3076171875 0.064453125 0.07421875