5 0.66796875 0.51171875 0.044921875 0.2275390625
5 0.421875 0.517578125 0.04296875 0.18359375
5 0.484375 0.517578125 0.0517578125 0.2197265625
5 0.859375 0.541015625 0.072265625 0.24609375
5 0.5498046875 0.5458984375 0.0537109375 0.2080078125
5 0.3701171875 0.548828125 0.0537109375 0.2255859375
5 0.6064453125 0.55859375 0.046875 0.2021484375
5 0.7265625 0.5634765625 0.07421875 0.2822265625
1 0.3681640625 0.39453125 0.0283203125 0.05078125
1 0.4189453125 0.3779296875 0.0283203125 0.0380859375
1 0.478515625 0.3662109375 0.033203125 0.048828125
1 0.5517578125 0.4072265625 0.02734375 0.064453125
1 0.603515625 0.419921875 0.025390625 0.052734375
1 0.6689453125 0.3662109375 0.02734375 0.048828125
1 0.7216796875 0.3388671875 0.04296875 0.0595703125
1 0.841796875 0.353515625 0.0380859375 0.0537109375
0 0.625 0.376953125 0.025390625 0.0615234375