1 0.4423828125 0.1962890625 0.05859375 0.08203125
1 0.591796875 0.1875 0.05859375 0.08984375
1 0.6435546875 0.193359375 0.060546875 0.087890625
5 0.5537109375 0.3857421875 0.103515625 0.28125
5 0.3232421875 0.4111328125 0.119140625 0.337890625
5 0.208984375 0.4365234375 0.130859375 0.33203125
5 0.1162109375 0.4658203125 0.158203125 0.330078125
5 0.673828125 0.4267578125 0.11328125 0.291015625
5 0.46875 0.447265625 0.1328125 0.333984375
1 0.3896484375 0.130859375 0.052734375 0.080078125
1 0.1728515625 0.1845703125 0.0625 0.103515625
1 0.2275390625 0.18359375 0.046875 0.068359375
1 0.486328125 0.1611328125 0.048828125 0.087890625
1 0.353515625 0.173828125 0.056640625 0.076171875
1 0.2978515625 0.1787109375 0.0625 0.078125
1 0.52734375 0.1728515625 0.05859375 0.09375
1 0.0947265625 0.21875 0.068359375 0.091796875