1 0.21337890625 0.3468864468864469 0.08740234375 0.10622710622710622
1 0.80908203125 0.3315018315018315 0.11328125 0.14358974358974358
1 0.627685546875 0.3446886446886447 0.09619140625 0.08791208791208792
1 0.526611328125 0.3684981684981685 0.087890625 0.11868131868131868
1 0.111083984375 0.3901098901098901 0.10986328125 0.0945054945054945
1 0.36279296875 0.38095238095238093 0.08984375 0.11648351648351649
1 0.733642578125 0.4186813186813187 0.103515625 0.10695970695970695
4 0.22509765625 0.6252747252747253 0.13134765625 0.35824175824175825
5 0.52880859375 0.6157509157509158 0.13427734375 0.32967032967032966
5 0.632568359375 0.6194139194139194 0.12548828125 0.31575091575091574
5 0.3505859375 0.638095238095238 0.15576171875 0.34065934065934067
4 0.123779296875 0.6750915750915751 0.11767578125 0.3516483516483517
5 0.83251953125 0.6703296703296703 0.14404296875 0.42857142857142855