1 0.21710069444444446 0.33211233211233215 0.08524305555555556 0.10158730158730164
1 0.8127604166666667 0.3477411477411478 0.1098958333333333 0.13805453805453807
1 0.6313368055555556 0.3516483516483517 0.0942708333333333 0.08335368335368339
1 0.5296875 0.3698819698819699 0.0854166666666667 0.11461131461131453
1 0.11380208333333333 0.3698819698819699 0.10781250000000003 0.08856328856328859
1 0.36562500000000003 0.37378917378917376 0.08715277777777775 0.11200651200651203
1 0.7355034722222222 0.4310948310948311 0.10121527777777772 0.10158730158730164
4 0.22230902777777778 0.6108262108262109 0.12343749999999998 0.3516483516483517
5 0.5262152777777778 0.6173382173382174 0.12708333333333321 0.3229955229955232
5 0.6296006944444444 0.6264550264550265 0.11857638888888888 0.30997150997150996
5 0.34739583333333335 0.6303622303622304 0.1479166666666667 0.3334147334147334
4 0.11987847222222223 0.6551078551078552 0.10954861111111108 0.34643874643874645
5 0.8283854166666667 0.6876678876678878 0.13420138888888888 0.421978021978022