5 0.380859375 0.501953125 0.10546875 0.189453125
5 0.6806640625 0.52734375 0.091796875 0.189453125
5 0.8251953125 0.5390625 0.11328125 0.203125
5 0.4970703125 0.54296875 0.09765625 0.201171875
5 0.583984375 0.552734375 0.076171875 0.193359375
5 0.2802734375 0.5615234375 0.091796875 0.19921875
5 0.19921875 0.5595703125 0.078125 0.201171875
1 0.2158203125 0.3994140625 0.048828125 0.05859375
1 0.27734375 0.408203125 0.060546875 0.068359375
1 0.345703125 0.3603515625 0.04296875 0.044921875
1 0.3896484375 0.3134765625 0.060546875 0.060546875
1 0.455078125 0.375 0.046875 0.041015625
1 0.513671875 0.3623046875 0.052734375 0.05859375
1 0.6025390625 0.384765625 0.0546875 0.046875
1 0.6884765625 0.34765625 0.0546875 0.06640625
1 0.7392578125 0.3505859375 0.052734375 0.0625
1 0.83984375 0.353515625 0.05859375 0.0703125