4 0.6337890625 0.3701171875 0.115234375 0.23828125
4 0.431640625 0.4326171875 0.109375 0.265625
4 0.263671875 0.462890625 0.14453125 0.279296875
4 0.7373046875 0.4833984375 0.12890625 0.28515625
1 0.705078125 0.2255859375 0.087890625 0.087890625
1 0.62109375 0.18359375 0.064453125 0.095703125
1 0.501953125 0.1767578125 0.060546875 0.064453125
1 0.5703125 0.2158203125 0.046875 0.052734375
1 0.4296875 0.2216796875 0.068359375 0.08984375
1 0.3720703125 0.2197265625 0.056640625 0.0859375
1 0.3251953125 0.240234375 0.048828125 0.076171875
1 0.25390625 0.2265625 0.078125 0.1015625
1 0.1640625 0.251953125 0.068359375 0.0703125
1 0.2099609375 0.2587890625 0.029296875 0.025390625
1 0.1298828125 0.2509765625 0.025390625 0.029296875
1 0.103515625 0.2646484375 0.0234375 0.029296875
1 0.076171875 0.2626953125 0.021484375 0.029296875
1 0.0615234375 0.2705078125 0.0234375 0.029296875
1 0.0361328125 0.275390625 0.01953125 0.025390625
1 0.005859375 0.2890625 0.01171875 0.03125