4 0.751953125 0.4873046875 0.0966796875 0.123046875
4 0.6181640625 0.541015625 0.1015625 0.2197265625
4 0.123046875 0.5546875 0.1171875 0.2626953125
4 0.337890625 0.6015625 0.123046875 0.2431640625
1 0.166015625 0.3544921875 0.08984375 0.1005859375
1 0.3310546875 0.404296875 0.068359375 0.095703125
1 0.630859375 0.3642578125 0.0771484375 0.0546875
1 0.7392578125 0.380859375 0.05078125 0.080078125
1 0.8193359375 0.3671875 0.0517578125 0.0546875
1 0.90625 0.583984375 0.03515625 0.046875
1 0.5556640625 0.541015625 0.025390625 0.044921875
1 0.0458984375 0.2568359375 0.01953125 0.01953125
1 0.1123046875 0.248046875 0.0234375 0.01953125
1 0.203125 0.283203125 0.015625 0.01953125
1 0.251953125 0.2802734375 0.015625 0.0166015625