4 0.861328125 0.6259765625 0.248046875 0.4609375
4 0.3642578125 0.5810546875 0.267578125 0.44140625
4 0.1748046875 0.5732421875 0.1953125 0.30859375
4 0.080078125 0.5732421875 0.16015625 0.474609375
4 0.6943359375 0.75 0.287109375 0.412109375
1 0.986328125 0.1376953125 0.02734375 0.134765625
1 0.8671875 0.2490234375 0.166015625 0.150390625
1 0.7421875 0.365234375 0.150390625 0.15234375
1 0.6630859375 0.294921875 0.103515625 0.10546875
1 0.4091796875 0.228515625 0.123046875 0.09765625
1 0.2041015625 0.2685546875 0.08984375 0.09375
1 0.115234375 0.193359375 0.15625 0.146484375