1 0.443359375 0.3056640625 0.125 0.185546875
1 0.59765625 0.2099609375 0.09375 0.08203125
1 0.7275390625 0.1708984375 0.13671875 0.158203125
5 0.4033203125 0.5205078125 0.197265625 0.28125
5 0.6552734375 0.4619140625 0.13671875 0.287109375
5 0.8896484375 0.3720703125 0.220703125 0.333984375
3 0.482421875 0.8173828125 0.0859375 0.099609375
3 0.48046875 0.54296875 0.064453125 0.1328125
3 0.69921875 0.712890625 0.0546875 0.11328125
3 0.5546875 0.2763671875 0.044921875 0.1015625
0 0.7939453125 0.470703125 0.0859375 0.134765625
0 0.7958984375 0.6357421875 0.060546875 0.158203125