4 0.7041015625 0.41796875 0.091796875 0.19921875
4 0.8349609375 0.51953125 0.177734375 0.3515625
4 0.3935546875 0.5546875 0.142578125 0.3515625
4 0.1884765625 0.5791015625 0.2109375 0.517578125
1 0.1962890625 0.1484375 0.1484375 0.103515625
1 0.412109375 0.2607421875 0.091796875 0.08984375
1 0.71875 0.2119140625 0.07421875 0.064453125
1 0.8154296875 0.1982421875 0.10546875 0.109375
3 0.322265625 0.62890625 0.0546875 0.072265625
3 0.646484375 0.5712890625 0.025390625 0.04296875
3 0.7412109375 0.728515625 0.03515625 0.0546875