4 0.400390625 0.5673828125 0.0869140625 0.185546875
4 0.7216796875 0.5869140625 0.091796875 0.189453125
4 0.2919921875 0.587890625 0.08984375 0.1826171875
4 0.599609375 0.591796875 0.080078125 0.16796875
4 0.830078125 0.591796875 0.1103515625 0.2158203125
4 0.5048828125 0.599609375 0.0947265625 0.208984375
4 0.1943359375 0.6123046875 0.08203125 0.2001953125
1 0.1884765625 0.421875 0.0703125 0.05859375
1 0.25390625 0.3466796875 0.0546875 0.052734375
1 0.2919921875 0.4150390625 0.0615234375 0.0556640625
1 0.3603515625 0.3427734375 0.052734375 0.052734375
1 0.3994140625 0.3837890625 0.0595703125 0.0546875
1 0.5 0.421875 0.05078125 0.0517578125
1 0.5283203125 0.3583984375 0.05078125 0.0380859375
1 0.59765625 0.4267578125 0.046875 0.05078125
1 0.646484375 0.392578125 0.048828125 0.044921875
1 0.7119140625 0.41015625 0.0546875 0.05859375
1 0.7998046875 0.412109375 0.0576171875 0.0654296875