4 0.9248046875 0.4765625 0.109375 0.185546875
4 0.4453125 0.4560546875 0.08984375 0.126953125
4 0.3447265625 0.4501953125 0.083984375 0.16015625
4 0.7353515625 0.4794921875 0.10546875 0.1171875
4 0.6025390625 0.470703125 0.0859375 0.123046875
4 0.1328125 0.4736328125 0.115234375 0.203125
4 0.2578125 0.4853515625 0.111328125 0.177734375
1 0.1484375 0.298828125 0.0546875 0.0703125
1 0.2587890625 0.3369140625 0.048828125 0.052734375
1 0.373046875 0.32421875 0.052734375 0.0390625
1 0.453125 0.3466796875 0.0390625 0.046875
1 0.60546875 0.3671875 0.044921875 0.0546875
1 0.7314453125 0.37109375 0.048828125 0.05078125
1 0.9306640625 0.318359375 0.05859375 0.060546875