2 0.4853515625 0.568359375 0.046875 0.05078125
4 0.2626953125 0.6357421875 0.08203125 0.16796875
4 0.4716796875 0.6708984375 0.083984375 0.12890625
4 0.40234375 0.6640625 0.087890625 0.15234375
4 0.330078125 0.654296875 0.08984375 0.138671875
4 0.6103515625 0.6943359375 0.08203125 0.16015625
4 0.67578125 0.705078125 0.08984375 0.1640625
4 0.54296875 0.7177734375 0.08984375 0.150390625
1 0.2822265625 0.50390625 0.046875 0.044921875
1 0.3447265625 0.5302734375 0.04296875 0.04296875
1 0.4150390625 0.533203125 0.0390625 0.041015625
1 0.55859375 0.59765625 0.046875 0.044921875
1 0.625 0.5615234375 0.046875 0.05078125
1 0.693359375 0.58203125 0.048828125 0.041015625