4 0.7509765625 0.52734375 0.115234375 0.13671875
4 0.6103515625 0.55859375 0.134765625 0.232421875
4 0.119140625 0.4951171875 0.15625 0.27734375
4 0.32421875 0.5751953125 0.16015625 0.259765625
1 0.193359375 0.3037109375 0.103515625 0.11328125
1 0.34765625 0.37890625 0.08203125 0.10546875
1 0.650390625 0.38671875 0.083984375 0.06640625
1 0.7548828125 0.419921875 0.0625 0.087890625
1 0.8359375 0.4189453125 0.060546875 0.0625
1 0.8876953125 0.646484375 0.04296875 0.052734375
1 0.548828125 0.548828125 0.03125 0.048828125
1 0.08984375 0.1884765625 0.021484375 0.021484375
1 0.15625 0.1904296875 0.025390625 0.0234375
1 0.240234375 0.2392578125 0.017578125 0.021484375
1 0.2890625 0.244140625 0.017578125 0.01953125