4 0.9111328125 0.640625 0.16015625 0.341796875
4 0.3134765625 0.6298828125 0.072265625 0.142578125
4 0.0703125 0.619140625 0.05078125 0.09765625
4 0.45703125 0.650390625 0.08984375 0.181640625
4 0.2421875 0.6416015625 0.060546875 0.14453125
4 0.1748046875 0.6474609375 0.05078125 0.1171875
4 0.640625 0.681640625 0.11328125 0.244140625
1 0.8818359375 0.3701171875 0.09765625 0.095703125
1 0.638671875 0.4755859375 0.068359375 0.0703125
1 0.4375 0.490234375 0.046875 0.05078125
1 0.2998046875 0.521484375 0.05078125 0.044921875
1 0.236328125 0.5302734375 0.041015625 0.037109375
1 0.1650390625 0.548828125 0.033203125 0.04296875
1 0.0576171875 0.5517578125 0.03125 0.033203125