1 0.40283203125 0.42105263157894735 0.0673828125 0.07017543859649122
1 0.25537109375 0.40497076023391815 0.0830078125 0.1067251461988304
1 0.33544921875 0.4283625730994152 0.0439453125 0.05263157894736842
1 0.4521484375 0.4480994152046784 0.0283203125 0.05263157894736842
1 0.6640625 0.48026315789473684 0.0361328125 0.05116959064327485
1 0.56201171875 0.47733918128654973 0.0478515625 0.06140350877192982
1 0.71435546875 0.5058479532163743 0.0576171875 0.06871345029239766
5 0.66064453125 0.5343567251461988 0.0390625 0.1067251461988304
5 0.3330078125 0.5263157894736842 0.06640625 0.1388888888888889
5 0.5625 0.5921052631578947 0.0830078125 0.1695906432748538
5 0.70361328125 0.6191520467836257 0.080078125 0.1871345029239766
5 0.40380859375 0.6059941520467836 0.1337890625 0.27485380116959063
5 0.23388671875 0.5957602339181286 0.1337890625 0.2807017543859649