2 0.310546875 0.23046875 0.07421875 0.119140625
5 0.6435546875 0.4423828125 0.10546875 0.197265625
5 0.48046875 0.4296875 0.115234375 0.234375
5 0.7197265625 0.484375 0.095703125 0.228515625
5 0.5556640625 0.4716796875 0.11328125 0.24609375
5 0.3701171875 0.4453125 0.134765625 0.248046875
5 0.80078125 0.5634765625 0.16015625 0.337890625
5 0.9130859375 0.591796875 0.173828125 0.3828125
1 0.2568359375 0.6220703125 0.078125 0.12890625
1 0.40234375 0.5322265625 0.064453125 0.083984375
1 0.501953125 0.533203125 0.0625 0.076171875
1 0.6083984375 0.5615234375 0.05859375 0.08984375
1 0.681640625 0.62109375 0.080078125 0.111328125
1 0.828125 0.298828125 0.078125 0.091796875
1 0.9130859375 0.27734375 0.056640625 0.068359375
1 0.9599609375 0.306640625 0.080078125 0.1015625
1 0.7412109375 0.291015625 0.068359375 0.080078125
1 0.783203125 0.294921875 0.041015625 0.037109375
1 0.7373046875 0.2421875 0.048828125 0.0546875
1 0.6591796875 0.25390625 0.06640625 0.09765625
1 0.623046875 0.2392578125 0.04296875 0.0546875
1 0.5791015625 0.2705078125 0.052734375 0.056640625
1 0.5185546875 0.267578125 0.05078125 0.06640625
1 0.453125 0.2236328125 0.046875 0.052734375
1 0.400390625 0.26171875 0.056640625 0.05859375
1 0.3583984375 0.1826171875 0.0546875 0.05859375
1 0.4072265625 0.15625 0.048828125 0.05078125
1 0.232421875 0.166015625 0.08203125 0.0859375
1 0.517578125 0.1904296875 0.048828125 0.056640625
1 0.6005859375 0.2314453125 0.03125 0.037109375