4 0.6318359375 0.4150390625 0.0625 0.1484375
4 0.4287109375 0.4189453125 0.08203125 0.138671875
4 0.3466796875 0.4189453125 0.080078125 0.10546875
4 0.5458984375 0.43359375 0.0859375 0.138671875
4 0.216796875 0.4404296875 0.10546875 0.15625
4 0.8583984375 0.5009765625 0.138671875 0.181640625
4 0.701171875 0.509765625 0.154296875 0.185546875
4 0.0458984375 0.490234375 0.091796875 0.18359375
1 0.7275390625 0.349609375 0.087890625 0.072265625
1 0.859375 0.3271484375 0.07421875 0.072265625
1 0.646484375 0.3046875 0.048828125 0.0390625
1 0.552734375 0.3271484375 0.068359375 0.056640625
1 0.431640625 0.318359375 0.05078125 0.046875
1 0.3505859375 0.3125 0.060546875 0.05859375
1 0.2314453125 0.2998046875 0.06640625 0.05859375
1 0.09375 0.3271484375 0.04296875 0.048828125
1 0.0361328125 0.333984375 0.05859375 0.0703125
1 0.322265625 0.2939453125 0.0390625 0.041015625