1 0.26171875 0.2724609375 0.10546875 0.1171875
1 0.8388671875 0.421875 0.138671875 0.158203125
1 0.6611328125 0.384765625 0.111328125 0.1015625
1 0.5576171875 0.3798828125 0.109375 0.130859375
1 0.1533203125 0.287109375 0.125 0.111328125
1 0.3974609375 0.3466796875 0.109375 0.12890625
1 0.7451171875 0.4853515625 0.12109375 0.12109375
4 0.205078125 0.544921875 0.19921875 0.37109375
5 0.4990234375 0.6201171875 0.197265625 0.34375
5 0.5986328125 0.65234375 0.185546875 0.328125
5 0.322265625 0.591796875 0.21875 0.357421875
4 0.0947265625 0.5654296875 0.18359375 0.36328125
5 0.77734375 0.7568359375 0.224609375 0.44140625