5 0.5048828125 0.42578125 0.154296875 0.263671875
5 0.3720703125 0.466796875 0.162109375 0.244140625
5 0.6806640625 0.3916015625 0.1796875 0.251953125
5 0.2177734375 0.5224609375 0.158203125 0.275390625
5 0.845703125 0.3798828125 0.169921875 0.287109375
1 0.181640625 0.3330078125 0.064453125 0.076171875
1 0.3212890625 0.29296875 0.072265625 0.08203125
1 0.4580078125 0.2490234375 0.07421875 0.080078125
1 0.623046875 0.2119140625 0.09375 0.083984375
1 0.7919921875 0.173828125 0.076171875 0.080078125
3 0.6611328125 0.5478515625 0.04296875 0.046875
3 0.4755859375 0.5712890625 0.037109375 0.052734375
3 0.8173828125 0.494140625 0.041015625 0.052734375
3 0.93359375 0.466796875 0.033203125 0.048828125
3 0.458984375 0.5888671875 0.0390625 0.052734375
3 0.3330078125 0.615234375 0.041015625 0.0546875
3 0.306640625 0.630859375 0.033203125 0.03515625