5 0.6669921875 0.5234375 0.060546875 0.23046875
5 0.4208984375 0.51171875 0.056640625 0.185546875
5 0.4833984375 0.5166015625 0.06640625 0.22265625
5 0.85546875 0.56640625 0.08984375 0.25
5 0.546875 0.548828125 0.068359375 0.2109375
5 0.3671875 0.5400390625 0.068359375 0.228515625
5 0.6025390625 0.5654296875 0.060546875 0.205078125
5 0.7216796875 0.5791015625 0.09375 0.287109375
1 0.3759765625 0.3857421875 0.03125 0.052734375
1 0.427734375 0.373046875 0.03125 0.0390625
1 0.48828125 0.365234375 0.037109375 0.05078125
1 0.5576171875 0.4111328125 0.03125 0.06640625
1 0.6083984375 0.427734375 0.029296875 0.0546875
1 0.677734375 0.3779296875 0.03125 0.05078125
1 0.732421875 0.3544921875 0.046875 0.0625
1 0.8515625 0.3779296875 0.041015625 0.056640625
0 0.6328125 0.3857421875 0.029296875 0.0625