4 0.611328125 0.388671875 0.08203125 0.154296875
4 0.4130859375 0.435546875 0.099609375 0.1484375
4 0.3330078125 0.453125 0.09375 0.115234375
4 0.53125 0.4248046875 0.10546875 0.1484375
4 0.2109375 0.5 0.125 0.16796875
4 0.8505859375 0.42578125 0.162109375 0.197265625
4 0.6982421875 0.4677734375 0.17578125 0.203125
4 0.0556640625 0.5849609375 0.111328125 0.193359375
1 0.6904296875 0.3056640625 0.095703125 0.08203125
1 0.81640625 0.255859375 0.083984375 0.080078125
1 0.6025390625 0.2783203125 0.052734375 0.044921875
1 0.515625 0.3193359375 0.076171875 0.064453125
1 0.3955078125 0.3369140625 0.056640625 0.052734375
1 0.314453125 0.34765625 0.068359375 0.064453125
1 0.1953125 0.3603515625 0.07421875 0.06640625
1 0.06640625 0.416015625 0.048828125 0.0546875
1 0.0224609375 0.43359375 0.044921875 0.078125
1 0.283203125 0.3349609375 0.044921875 0.046875