2 0.416015625 0.349609375 0.0625 0.072265625
2 0.318359375 0.3779296875 0.0625 0.09375
2 0.1904296875 0.419921875 0.076171875 0.091796875
2 0.494140625 0.509765625 0.0546875 0.08203125
5 0.572265625 0.5986328125 0.123046875 0.34375
5 0.7314453125 0.615234375 0.12890625 0.294921875
4 0.4052734375 0.6005859375 0.109375 0.29296875
5 0.861328125 0.662109375 0.134765625 0.353515625
4 0.3017578125 0.6376953125 0.125 0.310546875
4 0.177734375 0.6708984375 0.142578125 0.298828125
4 0.4912109375 0.7626953125 0.111328125 0.2578125