2 0.1689453125 0.4228515625 0.04296875 0.02734375
2 0.2763671875 0.4375 0.044921875 0.03125
2 0.390625 0.4111328125 0.041015625 0.033203125
2 0.4658203125 0.447265625 0.03515625 0.025390625
2 0.5361328125 0.42578125 0.03515625 0.02734375
2 0.595703125 0.4541015625 0.033203125 0.0234375
2 0.6728515625 0.490234375 0.046875 0.033203125
2 0.7548828125 0.40625 0.037109375 0.029296875
2 0.8701171875 0.447265625 0.041015625 0.02734375
4 0.8642578125 0.5947265625 0.09375 0.15625
4 0.1630859375 0.5634765625 0.099609375 0.1640625
4 0.2626953125 0.56640625 0.08984375 0.1484375
4 0.3828125 0.5478515625 0.087890625 0.16015625
4 0.4609375 0.5732421875 0.07421875 0.15625
4 0.53125 0.55078125 0.076171875 0.130859375
4 0.5888671875 0.5810546875 0.080078125 0.140625
4 0.6640625 0.619140625 0.0859375 0.150390625