2 0.3759765625 0.380859375 0.07421875 0.08203125
2 0.291015625 0.4365234375 0.078125 0.103515625
2 0.1806640625 0.5146484375 0.091796875 0.103515625
2 0.498046875 0.5107421875 0.068359375 0.08984375
5 0.59765625 0.5732421875 0.18359375 0.353515625
5 0.7548828125 0.5419921875 0.181640625 0.30859375
4 0.439453125 0.6240234375 0.16015625 0.302734375
5 0.892578125 0.548828125 0.197265625 0.365234375
4 0.3505859375 0.689453125 0.1796875 0.322265625
4 0.2421875 0.7578125 0.193359375 0.314453125
4 0.568359375 0.75390625 0.15625 0.26953125