5 0.5068359375 0.4111328125 0.0888671875 0.1591796875
5 0.43359375 0.498046875 0.0810546875 0.1767578125
1 0.2861328125 0.197265625 0.0634765625 0.068359375
1 0.4072265625 0.2314453125 0.0556640625 0.060546875
1 0.427734375 0.3447265625 0.0556640625 0.064453125
1 0.5029296875 0.2578125 0.0615234375 0.0546875
1 0.748046875 0.2763671875 0.046875 0.064453125
1 0.916015625 0.3193359375 0.0732421875 0.0615234375
1 0.9755859375 0.24609375 0.048828125 0.0625
5 0.3427734375 0.3212890625 0.087890625 0.1279296875
5 0.7373046875 0.4501953125 0.052734375 0.193359375