4 0.751953125 0.482421875 0.099609375 0.125
4 0.619140625 0.5390625 0.10546875 0.220703125
4 0.1240234375 0.5615234375 0.12109375 0.265625
4 0.33984375 0.6044921875 0.126953125 0.24609375
1 0.1630859375 0.3603515625 0.091796875 0.1015625
1 0.3291015625 0.4072265625 0.0703125 0.09765625
1 0.62890625 0.3623046875 0.078125 0.056640625
1 0.7373046875 0.376953125 0.052734375 0.080078125
1 0.8173828125 0.361328125 0.052734375 0.0546875
1 0.9072265625 0.5771484375 0.03515625 0.046875
1 0.556640625 0.5400390625 0.025390625 0.044921875
1 0.0419921875 0.2646484375 0.01953125 0.01953125
1 0.1083984375 0.2548828125 0.0234375 0.01953125
1 0.19921875 0.2880859375 0.015625 0.01953125
1 0.248046875 0.2841796875 0.015625 0.017578125