4 0.8017578125 0.30859375 0.083984375 0.19140625
4 0.4638671875 0.3486328125 0.1357421875 0.33203125
4 0.2236328125 0.2275390625 0.0439453125 0.08984375
4 0.2890625 0.236328125 0.0380859375 0.08984375
4 0.34375 0.255859375 0.0517578125 0.12890625
4 0.9072265625 0.2587890625 0.08984375 0.2001953125
4 0.130859375 0.2587890625 0.078125 0.1708984375
4 0.6611328125 0.2802734375 0.0615234375 0.1650390625
1 0.4794921875 0.0703125 0.087890625 0.08203125
1 0.654296875 0.1611328125 0.0390625 0.0390625
1 0.8017578125 0.1572265625 0.05078125 0.0556640625
1 0.896484375 0.109375 0.048828125 0.05078125
1 0.3681640625 0.1484375 0.02734375 0.0322265625
1 0.3349609375 0.158203125 0.033203125 0.03125
1 0.283203125 0.1669921875 0.01953125 0.021484375
1 0.1318359375 0.134765625 0.03515625 0.048828125
1 0.087890625 0.1669921875 0.0224609375 0.0322265625