2 0.423828125 0.232421875 0.09765625 0.09765625
4 0.564453125 0.4287109375 0.234375 0.431640625
5 0.7138671875 0.5068359375 0.224609375 0.408203125
5 0.1884765625 0.4287109375 0.2421875 0.419921875
4 0.373046875 0.4677734375 0.185546875 0.302734375
2 0.619140625 0.0830078125 0.103515625 0.0859375
2 0.94140625 0.19140625 0.091796875 0.087890625
2 0.2822265625 0.09765625 0.087890625 0.080078125
5 0.8857421875 0.5078125 0.220703125 0.384765625
3 0.693359375 0.7255859375 0.06640625 0.10546875
3 0.3037109375 0.60546875 0.05859375 0.083984375
3 0.4033203125 0.62890625 0.056640625 0.09375
3 0.8173828125 0.6748046875 0.05859375 0.087890625
1 0.791015625 0.1806640625 0.107421875 0.119140625