5 0.4833984375 0.412109375 0.126953125 0.17578125
5 0.435546875 0.515625 0.125 0.19140625
1 0.21484375 0.2626953125 0.078125 0.08203125
1 0.3408203125 0.2646484375 0.0703125 0.072265625
1 0.3896484375 0.369140625 0.0703125 0.076171875
1 0.4404296875 0.265625 0.07421875 0.068359375
1 0.681640625 0.2197265625 0.0625 0.07421875
1 0.85546875 0.2177734375 0.0859375 0.078125
1 0.8935546875 0.1318359375 0.0625 0.072265625
5 0.3017578125 0.3681640625 0.1171875 0.146484375
5 0.716796875 0.390625 0.1015625 0.201171875