5 0.666015625 0.5263671875 0.064453125 0.23046875
5 0.4208984375 0.5107421875 0.05859375 0.1875
5 0.482421875 0.5166015625 0.0703125 0.22265625
5 0.8544921875 0.572265625 0.09375 0.251953125
5 0.5458984375 0.5498046875 0.072265625 0.2109375
5 0.3662109375 0.537109375 0.072265625 0.228515625
5 0.6005859375 0.5673828125 0.064453125 0.205078125
5 0.7197265625 0.5830078125 0.09765625 0.287109375
1 0.3779296875 0.3837890625 0.033203125 0.052734375
1 0.4296875 0.37109375 0.03125 0.041015625
1 0.490234375 0.365234375 0.037109375 0.05078125
1 0.5595703125 0.412109375 0.033203125 0.06640625
1 0.6103515625 0.4296875 0.029296875 0.0546875
1 0.6796875 0.3818359375 0.03125 0.05078125
1 0.7353515625 0.3583984375 0.048828125 0.0625
1 0.853515625 0.3837890625 0.04296875 0.056640625
0 0.634765625 0.388671875 0.03125 0.064453125