4 0.74609375 0.2412109375 0.126953125 0.205078125
4 0.4287109375 0.3623046875 0.212890625 0.35546875
4 0.166015625 0.302734375 0.064453125 0.09765625
4 0.2314453125 0.294921875 0.05859375 0.095703125
4 0.2890625 0.30078125 0.08203125 0.13671875
4 0.8369140625 0.1669921875 0.134765625 0.216796875
4 0.0830078125 0.35546875 0.1171875 0.185546875
4 0.603515625 0.248046875 0.099609375 0.17578125
1 0.3759765625 0.087890625 0.10546875 0.1015625
1 0.5673828125 0.1337890625 0.046875 0.046875
1 0.7099609375 0.0947265625 0.0625 0.06640625
1 0.7900390625 0.02734375 0.060546875 0.0546875
1 0.287109375 0.1904296875 0.03515625 0.037109375
1 0.2568359375 0.2080078125 0.0390625 0.0390625
1 0.208984375 0.2294921875 0.0234375 0.025390625
1 0.0546875 0.234375 0.046875 0.056640625
1 0.01953125 0.2763671875 0.029296875 0.037109375