5 0.380859375 0.505859375 0.099609375 0.185546875
5 0.681640625 0.521484375 0.0849609375 0.1875
5 0.826171875 0.52734375 0.10546875 0.19921875
5 0.4990234375 0.54296875 0.0908203125 0.197265625
5 0.5859375 0.5498046875 0.0703125 0.19140625
5 0.2822265625 0.5693359375 0.0849609375 0.197265625
5 0.201171875 0.5703125 0.0703125 0.19921875
1 0.212890625 0.4091796875 0.046875 0.0576171875
1 0.2744140625 0.416015625 0.05859375 0.0654296875
1 0.3408203125 0.3662109375 0.0419921875 0.0439453125
1 0.3828125 0.3173828125 0.05859375 0.05859375
1 0.451171875 0.376953125 0.0458984375 0.0390625
1 0.5087890625 0.3623046875 0.05078125 0.056640625
1 0.5986328125 0.380859375 0.052734375 0.0458984375
1 0.6826171875 0.3408203125 0.0517578125 0.0654296875
1 0.734375 0.3427734375 0.0498046875 0.0615234375
1 0.8349609375 0.341796875 0.056640625 0.0693359375