2 0.1923828125 0.4892578125 0.044921875 0.0634765625
2 0.71875 0.521484375 0.056640625 0.076171875
4 0.1962890625 0.6142578125 0.0693359375 0.1669921875
4 0.408203125 0.6376953125 0.0927734375 0.19140625
4 0.8046875 0.671875 0.08984375 0.2109375
4 0.701171875 0.705078125 0.1103515625 0.2333984375
1 0.4140625 0.4990234375 0.03515625 0.0517578125
1 0.81640625 0.478515625 0.060546875 0.068359375
3 0.2421875 0.6337890625 0.0302734375 0.0419921875
3 0.40234375 0.71484375 0.0322265625 0.04296875
3 0.640625 0.8642578125 0.03515625 0.076171875
3 0.75 0.849609375 0.0224609375 0.06640625
3 0.779296875 0.84375 0.02734375 0.0712890625
3 0.861328125 0.81640625 0.025390625 0.0615234375