4 0.6318359375 0.3681640625 0.119140625 0.23828125
4 0.4306640625 0.43359375 0.11328125 0.267578125
4 0.2626953125 0.466796875 0.1484375 0.28125
4 0.7373046875 0.4794921875 0.134765625 0.287109375
1 0.7001953125 0.2216796875 0.08984375 0.08984375
1 0.615234375 0.1806640625 0.06640625 0.09765625
1 0.49609375 0.1767578125 0.0625 0.06640625
1 0.5654296875 0.21484375 0.048828125 0.052734375
1 0.4248046875 0.2236328125 0.0703125 0.091796875
1 0.3671875 0.22265625 0.05859375 0.087890625
1 0.3203125 0.2431640625 0.05078125 0.078125
1 0.2490234375 0.23046875 0.080078125 0.103515625
1 0.16015625 0.2578125 0.0703125 0.0703125
1 0.2060546875 0.263671875 0.03125 0.02734375
1 0.1259765625 0.2568359375 0.02734375 0.03125
1 0.099609375 0.271484375 0.025390625 0.029296875
1 0.072265625 0.26953125 0.021484375 0.029296875
1 0.0576171875 0.2783203125 0.0234375 0.029296875
1 0.0322265625 0.283203125 0.01953125 0.025390625
1 0.00390625 0.296875 0.0078125 0.03125