4 0.4091796875 0.5791015625 0.109375 0.1953125
4 0.73046875 0.5595703125 0.11328125 0.19921875
4 0.3046875 0.6123046875 0.111328125 0.19140625
4 0.6103515625 0.5791015625 0.099609375 0.17578125
4 0.8388671875 0.55078125 0.13671875 0.228515625
4 0.5166015625 0.5986328125 0.119140625 0.21875
4 0.2099609375 0.6484375 0.10546875 0.208984375
1 0.181640625 0.4599609375 0.076171875 0.06640625
1 0.2373046875 0.3779296875 0.060546875 0.05859375
1 0.283203125 0.44140625 0.068359375 0.0625
1 0.341796875 0.361328125 0.05859375 0.05859375
1 0.3857421875 0.396484375 0.06640625 0.0625
1 0.490234375 0.4228515625 0.056640625 0.056640625
1 0.5107421875 0.3564453125 0.0546875 0.044921875
1 0.587890625 0.4150390625 0.052734375 0.056640625
1 0.6318359375 0.3759765625 0.0546875 0.05078125
1 0.69921875 0.384765625 0.060546875 0.064453125
1 0.787109375 0.3759765625 0.064453125 0.072265625