4 0.896484375 0.3466796875 0.13671875 0.197265625
4 0.4345703125 0.474609375 0.107421875 0.138671875
4 0.3369140625 0.5 0.109375 0.169921875
4 0.7177734375 0.4072265625 0.123046875 0.130859375
4 0.5888671875 0.4404296875 0.103515625 0.1328125
4 0.142578125 0.587890625 0.146484375 0.21484375
4 0.265625 0.560546875 0.138671875 0.189453125
1 0.1044921875 0.41796875 0.064453125 0.076171875
1 0.220703125 0.419921875 0.0546875 0.05859375
1 0.3251953125 0.37109375 0.056640625 0.046875
1 0.408203125 0.369140625 0.046875 0.052734375
1 0.55859375 0.341796875 0.052734375 0.060546875
1 0.6796875 0.3056640625 0.0546875 0.056640625
1 0.853515625 0.1943359375 0.068359375 0.068359375