2 0.1923828125 0.515625 0.05078125 0.06640625
2 0.7197265625 0.501953125 0.0625 0.080078125
4 0.20703125 0.640625 0.083984375 0.171875
4 0.4208984375 0.6455078125 0.109375 0.19921875
4 0.818359375 0.64453125 0.107421875 0.21875
4 0.71875 0.6865234375 0.130859375 0.2421875
1 0.4140625 0.5068359375 0.0390625 0.0546875
1 0.8134765625 0.451171875 0.06640625 0.07421875
3 0.2548828125 0.6552734375 0.033203125 0.044921875
3 0.421875 0.72265625 0.03515625 0.044921875
3 0.671875 0.8505859375 0.041015625 0.078125
3 0.779296875 0.826171875 0.02734375 0.068359375
3 0.80859375 0.818359375 0.033203125 0.07421875
3 0.8876953125 0.7841796875 0.03125 0.064453125