5 0.5224609375 0.4287109375 0.0966796875 0.248046875
5 0.3837890625 0.4365234375 0.1103515625 0.224609375
5 0.701171875 0.4384765625 0.1279296875 0.2275390625
5 0.220703125 0.453125 0.09765625 0.259765625
5 0.8642578125 0.466796875 0.107421875 0.26953125
1 0.2314453125 0.2607421875 0.05078125 0.06640625
1 0.376953125 0.255859375 0.0576171875 0.0693359375
1 0.51953125 0.24609375 0.0595703125 0.068359375
1 0.689453125 0.25 0.080078125 0.06640625
1 0.8623046875 0.25390625 0.0625 0.06640625
3 0.64453125 0.5849609375 0.03515625 0.0390625
3 0.458984375 0.5634765625 0.02734375 0.046875
3 0.8095703125 0.5712890625 0.03125 0.046875
3 0.9287109375 0.572265625 0.0224609375 0.044921875
3 0.4384765625 0.576171875 0.0283203125 0.046875
3 0.310546875 0.5712890625 0.0302734375 0.0498046875
3 0.28125 0.580078125 0.02734375 0.0302734375