4 0.69921875 0.4072265625 0.08203125 0.1953125
4 0.8359375 0.501953125 0.16015625 0.3427734375
4 0.396484375 0.560546875 0.1240234375 0.345703125
4 0.193359375 0.595703125 0.185546875 0.5078125
1 0.1787109375 0.1650390625 0.14453125 0.095703125
1 0.3994140625 0.265625 0.0869140625 0.0859375
1 0.703125 0.201171875 0.0703125 0.0615234375
1 0.798828125 0.1826171875 0.099609375 0.103515625
3 0.3291015625 0.6376953125 0.0517578125 0.0693359375
3 0.650390625 0.5634765625 0.0224609375 0.0419921875
3 0.7529296875 0.7158203125 0.0322265625 0.0537109375