1 0.46875 0.1923828125 0.0517578125 0.0771484375
1 0.619140625 0.1962890625 0.0517578125 0.0849609375
1 0.669921875 0.20703125 0.0537109375 0.0830078125
5 0.5634765625 0.390625 0.080078125 0.2744140625
5 0.33203125 0.396484375 0.08984375 0.3310546875
5 0.2158203125 0.4111328125 0.103515625 0.3251953125
5 0.12109375 0.4326171875 0.1318359375 0.3193359375
5 0.6796875 0.4423828125 0.087890625 0.2841796875
5 0.4736328125 0.4443359375 0.10546875 0.3251953125
1 0.421875 0.123046875 0.0458984375 0.0771484375
1 0.201171875 0.1572265625 0.0546875 0.099609375
1 0.255859375 0.1611328125 0.0419921875 0.0654296875
1 0.515625 0.1611328125 0.0419921875 0.0849609375
1 0.3828125 0.162109375 0.05078125 0.0712890625
1 0.326171875 0.162109375 0.0556640625 0.0732421875
1 0.5556640625 0.1767578125 0.05078125 0.08984375
1 0.12109375 0.1845703125 0.0615234375 0.0869140625