1 0.3935546875 0.443359375 0.0703125 0.06640625
1 0.24609375 0.458984375 0.0859375 0.103515625
1 0.328125 0.46484375 0.044921875 0.05078125
1 0.4453125 0.4599609375 0.029296875 0.052734375
1 0.658203125 0.4453125 0.037109375 0.048828125
1 0.5576171875 0.46484375 0.048828125 0.05859375
1 0.7109375 0.4599609375 0.060546875 0.06640625
5 0.6630859375 0.498046875 0.04296875 0.10546875
5 0.33984375 0.5625 0.0703125 0.13671875
5 0.57421875 0.5771484375 0.087890625 0.166015625
5 0.716796875 0.5732421875 0.0859375 0.18359375
5 0.4208984375 0.6259765625 0.140625 0.26953125
5 0.2529296875 0.65234375 0.142578125 0.275390625