5 0.3642578125 0.328125 0.09375 0.19140625
5 0.427734375 0.388671875 0.095703125 0.212890625
5 0.552734375 0.412109375 0.087890625 0.1953125
5 0.041015625 0.3369140625 0.072265625 0.203125
5 0.830078125 0.5029296875 0.138671875 0.248046875
1 0.84765625 0.314453125 0.078125 0.083984375
1 0.57421875 0.265625 0.060546875 0.060546875
1 0.46875 0.2431640625 0.068359375 0.0703125
1 0.380859375 0.1865234375 0.05078125 0.052734375
1 0.2822265625 0.41015625 0.076171875 0.099609375
1 0.1435546875 0.4169921875 0.080078125 0.1171875
1 0.0703125 0.1611328125 0.044921875 0.076171875
5 0.2333984375 0.4541015625 0.107421875 0.16796875
5 0.1025390625 0.474609375 0.14453125 0.189453125
3 0.505859375 0.4091796875 0.037109375 0.03515625
3 0.890625 0.5087890625 0.0390625 0.052734375
3 0.7783203125 0.5859375 0.041015625 0.068359375
3 0.1982421875 0.5791015625 0.044921875 0.0703125
3 0.251953125 0.5830078125 0.03125 0.046875
3 0.1494140625 0.5751953125 0.03515625 0.060546875
3 0.0478515625 0.689453125 0.046875 0.060546875
3 0.091796875 0.255859375 0.03125 0.041015625