2 0.1650390625 0.4404296875 0.041015625 0.025390625
2 0.2734375 0.44921875 0.0439453125 0.0283203125
2 0.3857421875 0.4169921875 0.0400390625 0.0302734375
2 0.462890625 0.44921875 0.0341796875 0.0234375
2 0.5322265625 0.423828125 0.0341796875 0.0263671875
2 0.5927734375 0.44921875 0.0322265625 0.021484375
2 0.671875 0.4814453125 0.044921875 0.03125
2 0.75 0.392578125 0.03515625 0.0283203125
2 0.8671875 0.427734375 0.0390625 0.0244140625
4 0.869140625 0.5751953125 0.0869140625 0.1513671875
4 0.1669921875 0.5810546875 0.0908203125 0.16015625
4 0.2666015625 0.5791015625 0.0830078125 0.1435546875
4 0.3857421875 0.5537109375 0.080078125 0.1552734375
4 0.46484375 0.5751953125 0.0654296875 0.1533203125
4 0.5341796875 0.548828125 0.0693359375 0.126953125
4 0.5927734375 0.576171875 0.0732421875 0.1376953125
4 0.669921875 0.6103515625 0.0791015625 0.1455078125