5 0.3369140625 0.3544921875 0.0634765625 0.1826171875
5 0.4091796875 0.4033203125 0.0615234375 0.205078125
5 0.537109375 0.404296875 0.056640625 0.1875
5 0.01953125 0.4189453125 0.0380859375 0.2001953125
5 0.8251953125 0.4453125 0.099609375 0.2333984375
1 0.810546875 0.2568359375 0.0654296875 0.07421875
1 0.5322265625 0.255859375 0.052734375 0.052734375
1 0.4248046875 0.2529296875 0.0576171875 0.0615234375
1 0.328125 0.2119140625 0.0439453125 0.044921875
1 0.26953125 0.44921875 0.060546875 0.0908203125
1 0.134765625 0.48046875 0.0625 0.1083984375
1 0.017578125 0.2412109375 0.033203125 0.0712890625
5 0.2294921875 0.5009765625 0.08203125 0.1552734375
5 0.1044921875 0.5439453125 0.1162109375 0.171875
3 0.490234375 0.4091796875 0.0322265625 0.029296875
3 0.8857421875 0.4404296875 0.0302734375 0.0478515625
3 0.7890625 0.5361328125 0.0302734375 0.064453125
3 0.216796875 0.6298828125 0.0341796875 0.064453125
3 0.2705078125 0.625 0.0244140625 0.0439453125
3 0.16796875 0.634765625 0.0263671875 0.056640625
3 0.087890625 0.7646484375 0.037109375 0.0556640625
3 0.0556640625 0.330078125 0.0244140625 0.0380859375