2 0.1806640625 0.443359375 0.05859375 0.05078125
2 0.3017578125 0.388671875 0.05078125 0.052734375
2 0.390625 0.3515625 0.060546875 0.05078125
2 0.49609375 0.5048828125 0.05078125 0.0546875
4 0.2060546875 0.748046875 0.134765625 0.30859375
4 0.322265625 0.6806640625 0.125 0.3125
4 0.4169921875 0.63671875 0.12109375 0.302734375
4 0.53125 0.759765625 0.142578125 0.328125
1 0.53125 0.3115234375 0.07421875 0.095703125
1 0.720703125 0.2890625 0.064453125 0.083984375
1 0.8427734375 0.3076171875 0.076171875 0.099609375