4 0.62890625 0.41015625 0.0576171875 0.146484375
4 0.42578125 0.421875 0.0771484375 0.13671875
4 0.34375 0.4248046875 0.0771484375 0.103515625
4 0.5439453125 0.431640625 0.08203125 0.13671875
4 0.21484375 0.4501953125 0.099609375 0.1533203125
4 0.8583984375 0.48828125 0.1328125 0.1767578125
4 0.701171875 0.5029296875 0.1474609375 0.1796875
4 0.044921875 0.5068359375 0.08984375 0.1796875
1 0.7216796875 0.341796875 0.0859375 0.068359375
1 0.853515625 0.314453125 0.072265625 0.0693359375
1 0.6396484375 0.2998046875 0.046875 0.037109375
1 0.546875 0.3251953125 0.0673828125 0.0537109375
1 0.42578125 0.3212890625 0.0498046875 0.044921875
1 0.34375 0.3173828125 0.0595703125 0.0556640625
1 0.224609375 0.3095703125 0.0654296875 0.0556640625
1 0.087890625 0.341796875 0.041015625 0.0478515625
1 0.0302734375 0.3505859375 0.056640625 0.0693359375
1 0.3154296875 0.2998046875 0.0380859375 0.0400390625