5 0.0634765625 0.6669921875 0.064453125 0.26171875
5 0.63671875 0.671875 0.083984375 0.326171875
5 0.33203125 0.6923828125 0.072265625 0.310546875
5 0.5380859375 0.7138671875 0.091796875 0.328125
5 0.2275390625 0.732421875 0.080078125 0.330078125
5 0.4423828125 0.728515625 0.076171875 0.283203125
5 0.130859375 0.7431640625 0.0859375 0.326171875
0 0.548828125 0.8212890625 0.03515625 0.05859375
0 0.5244140625 0.8525390625 0.029296875 0.072265625
0 0.4443359375 0.80859375 0.03515625 0.0703125
0 0.171875 0.7958984375 0.025390625 0.125