4 0.7998046875 0.44921875 0.15234375 0.171875
4 0.478515625 0.455078125 0.12890625 0.2890625
4 0.626953125 0.4775390625 0.12890625 0.2109375
4 0.322265625 0.5478515625 0.099609375 0.40234375
4 0.15234375 0.6748046875 0.18359375 0.4921875
1 0.171875 0.2314453125 0.111328125 0.11328125
1 0.333984375 0.1953125 0.09765625 0.10546875
1 0.4931640625 0.1708984375 0.091796875 0.099609375
1 0.61328125 0.203125 0.09375 0.10546875
1 0.7822265625 0.1455078125 0.103515625 0.11328125
3 0.12890625 0.837890625 0.09375 0.1484375
3 0.4208984375 0.771484375 0.052734375 0.068359375
3 0.576171875 0.5458984375 0.05078125 0.06640625