2 0.419921875 0.2333984375 0.09765625 0.095703125
4 0.5625 0.427734375 0.228515625 0.431640625
5 0.7138671875 0.5029296875 0.21875 0.40625
5 0.1875 0.4345703125 0.236328125 0.41796875
4 0.3720703125 0.470703125 0.1796875 0.30078125
2 0.6123046875 0.0810546875 0.1015625 0.0859375
2 0.935546875 0.18359375 0.08984375 0.087890625
2 0.275390625 0.1015625 0.0859375 0.078125
5 0.8857421875 0.5009765625 0.21484375 0.384765625
3 0.697265625 0.72265625 0.064453125 0.10546875
3 0.3056640625 0.6083984375 0.05859375 0.083984375
3 0.40625 0.630859375 0.0546875 0.091796875
3 0.8203125 0.669921875 0.056640625 0.0859375
1 0.78515625 0.17578125 0.10546875 0.119140625