2 0.1671875 0.42890625 0.0421875 0.0265625
2 0.275 0.44140625 0.0453125 0.0296875
2 0.38828125 0.41328125 0.0421875 0.0328125
2 0.46484375 0.44765625 0.034375 0.025
2 0.53515625 0.425 0.034375 0.028125
2 0.59453125 0.45234375 0.0328125 0.021875
2 0.67265625 0.4875 0.0453125 0.0328125
2 0.75390625 0.4015625 0.0359375 0.0296875
2 0.86953125 0.440625 0.0390625 0.025
4 0.86640625 0.5875 0.0921875 0.1546875
4 0.1640625 0.56953125 0.096875 0.1640625
4 0.2640625 0.57109375 0.0875 0.146875
4 0.38359375 0.55 0.0859375 0.1578125
4 0.4625 0.57421875 0.0703125 0.15625
4 0.5328125 0.55078125 0.0734375 0.1296875
4 0.590625 0.5796875 0.078125 0.140625
4 0.66640625 0.61640625 0.084375 0.1484375