5 0.390625 0.291015625 0.0654296875 0.1640625
5 0.666015625 0.29296875 0.1162109375 0.2197265625
5 0.4716796875 0.306640625 0.078125 0.1796875
5 0.919921875 0.333984375 0.0927734375 0.345703125
5 0.130859375 0.3349609375 0.1552734375 0.29296875
1 0.4658203125 0.177734375 0.0546875 0.0654296875
1 0.146484375 0.11328125 0.068359375 0.08203125
1 0.2587890625 0.1865234375 0.052734375 0.0537109375
1 0.40234375 0.1669921875 0.0439453125 0.0439453125
1 0.873046875 0.1953125 0.0517578125 0.046875
1 0.9248046875 0.080078125 0.0830078125 0.0732421875
0 0.708984375 0.4306640625 0.025390625 0.0595703125
0 0.61328125 0.4013671875 0.029296875 0.048828125
0 0.529296875 0.4228515625 0.0234375 0.0390625
0 0.41796875 0.41015625 0.021484375 0.0400390625
0 0.3583984375 0.4248046875 0.0263671875 0.0439453125
0 0.3056640625 0.458984375 0.0234375 0.0341796875
0 0.2421875 0.4775390625 0.03515625 0.04296875
3 0.3291015625 0.310546875 0.0537109375 0.0595703125
3 0.1025390625 0.4990234375 0.0400390625 0.080078125
0 0.05859375 0.4912109375 0.0400390625 0.05078125
0 0.8828125 0.4658203125 0.0283203125 0.05078125
5 0.265625 0.37109375 0.060546875 0.103515625
1 0.6708984375 0.1259765625 0.06640625 0.0517578125