5 0.919921875 0.68359375 0.05078125 0.1416015625
5 0.033203125 0.71484375 0.03125 0.0830078125
5 0.7373046875 0.7373046875 0.1015625 0.2236328125
5 0.8681640625 0.7685546875 0.103515625 0.23828125
5 0.2978515625 0.7763671875 0.080078125 0.208984375
5 0.595703125 0.7880859375 0.078125 0.228515625
1 0.037109375 0.6533203125 0.025390625 0.021484375
1 0.3212890625 0.6142578125 0.0556640625 0.0498046875
1 0.388671875 0.6357421875 0.0302734375 0.0322265625
1 0.59375 0.6220703125 0.05859375 0.0732421875
1 0.73046875 0.56640625 0.05859375 0.0537109375
1 0.673828125 0.6279296875 0.041015625 0.0341796875
1 0.53515625 0.6328125 0.02734375 0.02734375
1 0.8388671875 0.58203125 0.07421875 0.052734375
1 0.9111328125 0.576171875 0.041015625 0.046875