4 0.9033203125 0.662109375 0.17578125 0.34765625
4 0.3076171875 0.6201171875 0.078125 0.14453125
4 0.0654296875 0.595703125 0.0546875 0.099609375
4 0.44921875 0.6484375 0.099609375 0.185546875
4 0.2353515625 0.6279296875 0.068359375 0.146484375
4 0.1669921875 0.6298828125 0.0546875 0.119140625
4 0.6318359375 0.6884765625 0.125 0.248046875
1 0.888671875 0.390625 0.1015625 0.099609375
1 0.6396484375 0.482421875 0.0703125 0.072265625
1 0.4375 0.4873046875 0.048828125 0.052734375
1 0.298828125 0.5107421875 0.052734375 0.046875
1 0.2353515625 0.5166015625 0.04296875 0.0390625
1 0.1630859375 0.53125 0.03515625 0.044921875
1 0.0556640625 0.5283203125 0.03125 0.03515625