5 0.3125 0.388671875 0.09765625 0.19140625
5 0.392578125 0.4228515625 0.099609375 0.212890625
5 0.5185546875 0.3994140625 0.091796875 0.1953125
5 0.025390625 0.51171875 0.05078125 0.203125
5 0.80859375 0.3837890625 0.142578125 0.248046875
1 0.7587890625 0.2021484375 0.078125 0.0859375
1 0.4853515625 0.25390625 0.0625 0.0625
1 0.37890625 0.271484375 0.068359375 0.072265625
1 0.2763671875 0.25 0.05078125 0.052734375
1 0.263671875 0.494140625 0.076171875 0.1015625
1 0.1376953125 0.55078125 0.08203125 0.119140625
5 0.234375 0.552734375 0.109375 0.16796875
5 0.1201171875 0.6181640625 0.146484375 0.19140625
3 0.47265625 0.4130859375 0.037109375 0.03515625
3 0.8671875 0.3681640625 0.0390625 0.052734375
3 0.791015625 0.48046875 0.04296875 0.068359375
3 0.2470703125 0.681640625 0.044921875 0.0703125
3 0.298828125 0.666015625 0.033203125 0.046875
3 0.2001953125 0.6953125 0.037109375 0.060546875
3 0.1455078125 0.8388671875 0.046875 0.0625
3 0.03125 0.41796875 0.03125 0.04296875