5 0.0576171875 0.6513671875 0.0556640625 0.2607421875
5 0.630859375 0.6767578125 0.072265625 0.3232421875
5 0.3251953125 0.6865234375 0.0625 0.30859375
5 0.5302734375 0.71484375 0.080078125 0.326171875
5 0.2197265625 0.72265625 0.068359375 0.328125
5 0.4345703125 0.7265625 0.0673828125 0.2802734375
5 0.123046875 0.73046875 0.0751953125 0.3232421875
0 0.537109375 0.8232421875 0.033203125 0.056640625
0 0.51171875 0.853515625 0.02734375 0.0712890625
0 0.43359375 0.806640625 0.0322265625 0.068359375
0 0.162109375 0.7841796875 0.0205078125 0.125