1 0.4306640625 0.3095703125 0.13671875 0.193359375
1 0.5771484375 0.2041015625 0.09765625 0.087890625
1 0.7041015625 0.15625 0.146484375 0.166015625
5 0.4052734375 0.52734375 0.21484375 0.291015625
5 0.65234375 0.451171875 0.15625 0.29296875
5 0.8798828125 0.3447265625 0.240234375 0.345703125
3 0.5048828125 0.818359375 0.091796875 0.10546875
3 0.4833984375 0.5439453125 0.07421875 0.13671875
3 0.712890625 0.6982421875 0.0625 0.1171875
3 0.5390625 0.2724609375 0.052734375 0.103515625
0 0.791015625 0.4501953125 0.095703125 0.138671875
0 0.8046875 0.615234375 0.0703125 0.16015625