2 0.8818359375 0.2958984375 0.11328125 0.142578125
2 0.4560546875 0.388671875 0.064453125 0.125
2 0.6591796875 0.3759765625 0.046875 0.078125
2 0.1103515625 0.4462890625 0.08984375 0.0859375
2 0.57421875 0.416015625 0.0625 0.091796875
5 0.6708984375 0.486328125 0.1015625 0.166015625
5 0.7822265625 0.48046875 0.06640625 0.19140625
5 0.4716796875 0.5615234375 0.123046875 0.255859375
5 0.9072265625 0.537109375 0.18359375 0.359375
5 0.5966796875 0.6240234375 0.130859375 0.32421875
5 0.1494140625 0.673828125 0.212890625 0.333984375