4 0.921875 0.447265625 0.0966796875 0.1796875
4 0.4423828125 0.4599609375 0.0810546875 0.1220703125
4 0.341796875 0.4609375 0.07421875 0.15625
4 0.7333984375 0.462890625 0.0986328125 0.1103515625
4 0.6005859375 0.4638671875 0.078125 0.1171875
4 0.1318359375 0.4990234375 0.1015625 0.1962890625
4 0.2578125 0.501953125 0.099609375 0.1708984375
1 0.1357421875 0.32421875 0.0498046875 0.06640625
1 0.248046875 0.3544921875 0.044921875 0.0498046875
1 0.361328125 0.3330078125 0.0498046875 0.03515625
1 0.4423828125 0.3505859375 0.0361328125 0.044921875
1 0.595703125 0.3603515625 0.041015625 0.0517578125
1 0.7216796875 0.35546875 0.044921875 0.0478515625
1 0.9169921875 0.2890625 0.0556640625 0.056640625