1 0.177734375 0.140625 0.091796875 0.1005859375
1 0.3447265625 0.3037109375 0.0869140625 0.0888671875
1 0.5244140625 0.2099609375 0.09765625 0.0888671875
1 0.671875 0.31640625 0.08203125 0.09375
1 0.8828125 0.3251953125 0.111328125 0.1015625
5 0.1640625 0.451171875 0.138671875 0.3984375
5 0.3330078125 0.6015625 0.140625 0.3662109375
5 0.6904296875 0.66796875 0.1494140625 0.400390625
5 0.87109375 0.7197265625 0.185546875 0.4833984375
4 0.5234375 0.5185546875 0.1474609375 0.34375
3 0.5693359375 0.6357421875 0.05859375 0.1064453125
3 0.22265625 0.7080078125 0.0322265625 0.0859375
3 0.2529296875 0.775390625 0.0302734375 0.0654296875
3 0.654296875 0.7109375 0.0498046875 0.0693359375
3 0.619140625 0.708984375 0.033203125 0.060546875