5 0.0546875 0.6435546875 0.060546875 0.26171875
5 0.6279296875 0.6787109375 0.078125 0.32421875
5 0.322265625 0.68359375 0.068359375 0.310546875
5 0.5263671875 0.7158203125 0.0859375 0.328125
5 0.2158203125 0.7177734375 0.07421875 0.330078125
5 0.4306640625 0.7255859375 0.072265625 0.28125
5 0.119140625 0.7236328125 0.080078125 0.32421875
0 0.53125 0.82421875 0.03515625 0.056640625
0 0.505859375 0.853515625 0.029296875 0.072265625
0 0.4287109375 0.8056640625 0.033203125 0.068359375
0 0.1572265625 0.7783203125 0.0234375 0.125