2 0.7021484375 0.1533203125 0.0703125 0.08203125
2 0.82421875 0.1884765625 0.07421875 0.099609375
2 0.2587890625 0.2412109375 0.0703125 0.087890625
2 0.541015625 0.220703125 0.060546875 0.09375
2 0.0537109375 0.3115234375 0.07421875 0.109375
5 0.7060546875 0.3662109375 0.107421875 0.279296875
5 0.701171875 0.3701171875 0.115234375 0.265625
5 0.8232421875 0.40234375 0.109375 0.27734375
5 0.5595703125 0.4296875 0.119140625 0.29296875
5 0.2763671875 0.4697265625 0.140625 0.2890625
5 0.1123046875 0.490234375 0.11328125 0.224609375