2 0.4951171875 0.5693359375 0.0419921875 0.044921875
4 0.2841796875 0.6669921875 0.0595703125 0.162109375
4 0.49609375 0.6728515625 0.068359375 0.1201171875
4 0.42578125 0.67578125 0.068359375 0.14453125
4 0.353515625 0.6767578125 0.072265625 0.12890625
4 0.63671875 0.6767578125 0.0615234375 0.1533203125
4 0.7021484375 0.6787109375 0.068359375 0.15625
4 0.5732421875 0.7099609375 0.0703125 0.1416015625
1 0.28515625 0.5341796875 0.041015625 0.0400390625
1 0.3505859375 0.5517578125 0.0380859375 0.0380859375
1 0.4208984375 0.544921875 0.03515625 0.037109375
1 0.5712890625 0.5888671875 0.041015625 0.0400390625
1 0.6328125 0.5439453125 0.041015625 0.044921875
1 0.703125 0.5546875 0.044921875 0.03515625