5 0.5234375 0.4287109375 0.1015625 0.25
5 0.384765625 0.4345703125 0.11328125 0.2265625
5 0.7021484375 0.4423828125 0.1328125 0.23046875
5 0.2216796875 0.4482421875 0.1015625 0.26171875
5 0.865234375 0.4736328125 0.111328125 0.271484375
1 0.2353515625 0.255859375 0.052734375 0.06640625
1 0.380859375 0.25390625 0.05859375 0.0703125
1 0.5244140625 0.24609375 0.060546875 0.0703125
1 0.693359375 0.2529296875 0.08203125 0.068359375
1 0.8662109375 0.2607421875 0.064453125 0.068359375
3 0.642578125 0.587890625 0.03515625 0.0390625
3 0.4580078125 0.5625 0.02734375 0.046875
3 0.80859375 0.5771484375 0.03125 0.046875
3 0.927734375 0.580078125 0.0234375 0.044921875
3 0.4375 0.5751953125 0.029296875 0.046875
3 0.3095703125 0.568359375 0.03125 0.05078125
3 0.2802734375 0.576171875 0.02734375 0.03125