2 0.7998046875 0.232421875 0.080078125 0.08984375
2 0.9052734375 0.3037109375 0.0859375 0.107421875
2 0.3505859375 0.1787109375 0.080078125 0.095703125
2 0.625 0.2470703125 0.072265625 0.099609375
2 0.1337890625 0.1826171875 0.087890625 0.115234375
5 0.7373046875 0.4365234375 0.142578125 0.28515625
5 0.7314453125 0.4384765625 0.1484375 0.2734375
5 0.8369140625 0.5068359375 0.146484375 0.283203125
5 0.578125 0.4521484375 0.15625 0.298828125
5 0.296875 0.40234375 0.17578125 0.298828125
5 0.1337890625 0.3701171875 0.140625 0.232421875