4 0.8232421875 0.3466796875 0.107421875 0.201171875
4 0.482421875 0.345703125 0.17578125 0.345703125
4 0.2587890625 0.1962890625 0.0546875 0.09375
4 0.3232421875 0.212890625 0.048828125 0.09375
4 0.375 0.23828125 0.06640625 0.134765625
4 0.93359375 0.310546875 0.11328125 0.208984375
4 0.1630859375 0.2158203125 0.09765625 0.1796875
4 0.6865234375 0.3017578125 0.08203125 0.171875
1 0.5322265625 0.0712890625 0.09765625 0.091796875
1 0.6943359375 0.1826171875 0.04296875 0.04296875
1 0.8408203125 0.1962890625 0.056640625 0.060546875
1 0.94140625 0.16015625 0.0546875 0.056640625
1 0.412109375 0.134765625 0.03125 0.03515625
1 0.3779296875 0.140625 0.037109375 0.03515625
1 0.3251953125 0.142578125 0.021484375 0.0234375
1 0.1787109375 0.0927734375 0.041015625 0.052734375
1 0.1318359375 0.119140625 0.025390625 0.03515625