4 0.544921875 0.5166015625 0.068359375 0.181640625
4 0.4736328125 0.525390625 0.072265625 0.1953125
4 0.404296875 0.546875 0.060546875 0.197265625
4 0.1826171875 0.568359375 0.125 0.275390625
4 0.3125 0.57421875 0.09375 0.208984375
4 0.9111328125 0.6005859375 0.126953125 0.345703125
1 0.1962890625 0.330078125 0.076171875 0.06640625
1 0.3134765625 0.3955078125 0.05859375 0.0546875
1 0.4052734375 0.3828125 0.0546875 0.05078125
1 0.4765625 0.373046875 0.046875 0.0390625
1 0.544921875 0.3759765625 0.04296875 0.03125
1 0.8984375 0.3388671875 0.099609375 0.072265625