4 0.8037109375 0.5078125 0.181640625 0.197265625
4 0.4873046875 0.4521484375 0.181640625 0.30859375
4 0.62890625 0.501953125 0.166015625 0.232421875
4 0.31640625 0.5126953125 0.173828125 0.4140625
4 0.130859375 0.60546875 0.26171875 0.51953125
1 0.2294921875 0.173828125 0.130859375 0.1328125
1 0.3955078125 0.1689453125 0.115234375 0.12109375
1 0.5556640625 0.17578125 0.109375 0.115234375
1 0.66796875 0.23046875 0.11328125 0.123046875
1 0.8447265625 0.2060546875 0.123046875 0.130859375
3 0.0712890625 0.7607421875 0.12109375 0.1640625
3 0.3701171875 0.7509765625 0.064453125 0.078125
3 0.56640625 0.5595703125 0.0625 0.07421875