1 0.23828125 0.0947265625 0.10546875 0.11328125
1 0.376953125 0.2822265625 0.099609375 0.1015625
1 0.5693359375 0.2177734375 0.111328125 0.103515625
1 0.6982421875 0.345703125 0.095703125 0.10546875
1 0.9052734375 0.3876953125 0.125 0.1171875
5 0.17578125 0.3994140625 0.19921875 0.416015625
5 0.3193359375 0.57421875 0.1953125 0.3828125
5 0.662109375 0.6953125 0.2109375 0.41796875
5 0.8310546875 0.7607421875 0.259765625 0.478515625
4 0.5205078125 0.5224609375 0.19921875 0.36328125
3 0.546875 0.64453125 0.07421875 0.115234375
3 0.193359375 0.662109375 0.044921875 0.08984375
3 0.212890625 0.7333984375 0.041015625 0.0703125
3 0.619140625 0.732421875 0.060546875 0.076171875
3 0.5849609375 0.724609375 0.04296875 0.064453125