1 0.4794921875 0.2265625 0.0703125 0.060546875
1 0.3369140625 0.255859375 0.072265625 0.06640625
1 0.7783203125 0.294921875 0.03125 0.037109375
1 0.8251953125 0.2958984375 0.046875 0.046875
1 0.63671875 0.3212890625 0.046875 0.078125
4 0.8349609375 0.4619140625 0.078125 0.171875
4 0.4990234375 0.4833984375 0.125 0.279296875
4 0.669921875 0.5048828125 0.080078125 0.1875
4 0.337890625 0.5322265625 0.103515625 0.306640625
1 0.6943359375 0.30078125 0.041015625 0.05859375
1 0.544921875 0.28515625 0.046875 0.05078125