2 0.404296875 0.4482421875 0.119140625 0.12890625
2 0.2158203125 0.48828125 0.0703125 0.078125
2 0.1201171875 0.48828125 0.046875 0.0625
2 0.6396484375 0.2578125 0.208984375 0.2109375
3 0.62890625 0.44140625 0.13671875 0.13671875
3 0.5634765625 0.8671875 0.119140625 0.138671875
3 0.3154296875 0.732421875 0.08203125 0.078125
3 0.2666015625 0.697265625 0.056640625 0.0546875
3 0.1689453125 0.6015625 0.0234375 0.033203125
3 0.0703125 0.544921875 0.01953125 0.029296875
2 0.06640625 0.46875 0.0234375 0.03125
2 0.29296875 0.4677734375 0.037109375 0.041015625