5 0.4404296875 0.271484375 0.1015625 0.173828125
5 0.7080078125 0.3359375 0.162109375 0.240234375
5 0.515625 0.3056640625 0.1171875 0.193359375
5 0.9306640625 0.4326171875 0.138671875 0.357421875
5 0.177734375 0.255859375 0.216796875 0.3203125
1 0.5390625 0.1787109375 0.068359375 0.076171875
1 0.2421875 0.0458984375 0.0859375 0.091796875
1 0.3359375 0.140625 0.0625 0.064453125
1 0.4794921875 0.1533203125 0.052734375 0.052734375
1 0.931640625 0.287109375 0.060546875 0.056640625
1 0.9794921875 0.185546875 0.041015625 0.08984375
0 0.71875 0.4794921875 0.0390625 0.064453125
0 0.6328125 0.4296875 0.0390625 0.0546875
0 0.5458984375 0.431640625 0.03125 0.04296875
0 0.4404296875 0.3935546875 0.029296875 0.04296875
0 0.37890625 0.39453125 0.03515625 0.048828125
0 0.3203125 0.416015625 0.03125 0.0390625
0 0.25390625 0.419921875 0.04296875 0.048828125
3 0.3759765625 0.27734375 0.06640625 0.0703125
3 0.11328125 0.4091796875 0.056640625 0.087890625
0 0.072265625 0.392578125 0.05078125 0.05859375
0 0.880859375 0.552734375 0.0390625 0.056640625
5 0.30078125 0.3212890625 0.08203125 0.115234375
1 0.7509765625 0.173828125 0.076171875 0.064453125