2 0.197265625 0.3837890625 0.060546875 0.05078125
2 0.3271484375 0.353515625 0.052734375 0.0546875
2 0.4208984375 0.333984375 0.0625 0.05078125
2 0.4951171875 0.5048828125 0.05078125 0.056640625
4 0.1640625 0.6875 0.140625 0.310546875
4 0.2919921875 0.642578125 0.130859375 0.3125
4 0.392578125 0.6181640625 0.126953125 0.302734375
4 0.4814453125 0.7607421875 0.146484375 0.330078125
1 0.56640625 0.3212890625 0.076171875 0.09765625
1 0.7568359375 0.3359375 0.06640625 0.0859375
1 0.873046875 0.3759765625 0.076171875 0.099609375