5 0.90234375 0.7197265625 0.0625 0.14453125
5 0.017578125 0.673828125 0.03515625 0.0859375
5 0.7158203125 0.7568359375 0.12109375 0.232421875
5 0.84375 0.7998046875 0.123046875 0.24609375
5 0.2744140625 0.7578125 0.09765625 0.21484375
5 0.5703125 0.794921875 0.09765625 0.234375
1 0.025390625 0.6123046875 0.02734375 0.0234375
1 0.3115234375 0.5986328125 0.060546875 0.0546875
1 0.376953125 0.6259765625 0.033203125 0.03515625
1 0.5830078125 0.6298828125 0.064453125 0.078125
1 0.7236328125 0.5859375 0.0625 0.05859375
1 0.662109375 0.642578125 0.04296875 0.037109375
1 0.5234375 0.6357421875 0.029296875 0.029296875
1 0.830078125 0.611328125 0.078125 0.05859375
1 0.9033203125 0.611328125 0.044921875 0.05078125