2 0.40234375 0.451171875 0.115234375 0.125
2 0.2158203125 0.498046875 0.06640625 0.07421875
2 0.1201171875 0.501953125 0.044921875 0.060546875
2 0.630859375 0.2529296875 0.203125 0.203125
3 0.626953125 0.4365234375 0.1328125 0.1328125
3 0.576171875 0.865234375 0.11328125 0.134765625
3 0.3232421875 0.73828125 0.080078125 0.07421875
3 0.2734375 0.705078125 0.0546875 0.052734375
3 0.1728515625 0.61328125 0.021484375 0.03125
3 0.072265625 0.5595703125 0.017578125 0.02734375
2 0.0654296875 0.484375 0.021484375 0.03125
2 0.2919921875 0.474609375 0.03515625 0.0390625