2 0.166015625 0.4345703125 0.041015625 0.025390625
2 0.2744140625 0.4453125 0.044921875 0.029296875
2 0.3876953125 0.4150390625 0.041015625 0.03125
2 0.4638671875 0.4482421875 0.03515625 0.0234375
2 0.533203125 0.4248046875 0.03515625 0.02734375
2 0.59375 0.451171875 0.033203125 0.021484375
2 0.671875 0.484375 0.044921875 0.03125
2 0.751953125 0.396484375 0.03515625 0.029296875
2 0.8681640625 0.4345703125 0.0390625 0.025390625
4 0.8681640625 0.58203125 0.08984375 0.15234375
4 0.166015625 0.5751953125 0.09375 0.162109375
4 0.265625 0.5751953125 0.0859375 0.14453125
4 0.384765625 0.5517578125 0.08203125 0.15625
4 0.4638671875 0.57421875 0.068359375 0.154296875
4 0.533203125 0.5498046875 0.072265625 0.12890625
4 0.591796875 0.578125 0.076171875 0.138671875
4 0.66796875 0.61328125 0.08203125 0.146484375