2 0.3701171875 0.25390625 0.0830078125 0.08203125
4 0.5478515625 0.4169921875 0.1533203125 0.4091796875
5 0.7109375 0.4619140625 0.1474609375 0.3857421875
5 0.1806640625 0.4951171875 0.1630859375 0.39453125
4 0.369140625 0.4951171875 0.12890625 0.2822265625
2 0.5302734375 0.0673828125 0.0908203125 0.0693359375
2 0.8671875 0.1064453125 0.0771484375 0.07421875
2 0.203125 0.1513671875 0.0751953125 0.0654296875
5 0.87890625 0.427734375 0.1494140625 0.3623046875
3 0.736328125 0.6806640625 0.046875 0.0986328125
3 0.330078125 0.6435546875 0.0439453125 0.076171875
3 0.4326171875 0.646484375 0.0390625 0.0869140625
3 0.8466796875 0.60546875 0.04296875 0.080078125
1 0.7177734375 0.126953125 0.0869140625 0.103515625