5 0.4970703125 0.4111328125 0.10546875 0.16796875
5 0.43359375 0.5048828125 0.099609375 0.18359375
1 0.255859375 0.2216796875 0.0703125 0.07421875
1 0.3798828125 0.2421875 0.0625 0.06640625
1 0.412109375 0.353515625 0.0625 0.0703125
1 0.4775390625 0.2587890625 0.06640625 0.060546875
1 0.7236328125 0.251953125 0.052734375 0.068359375
1 0.89453125 0.2763671875 0.080078125 0.068359375
1 0.9462890625 0.1982421875 0.0546875 0.06640625
5 0.3251953125 0.3388671875 0.1015625 0.13671875
5 0.73046875 0.42578125 0.072265625 0.197265625