1 0.4580078125 0.19736842105263158 0.0546875 0.08458646616541353
1 0.6083984375 0.18139097744360902 0.0546875 0.09210526315789473
1 0.658203125 0.18515037593984962 0.056640625 0.09022556390977443
5 0.5595703125 0.3825187969924812 0.08984375 0.28383458646616544
5 0.32861328125 0.4191729323308271 0.1015625 0.34210526315789475
5 0.21337890625 0.4492481203007519 0.115234375 0.3383458646616541
5 0.119140625 0.4830827067669173 0.1435546875 0.33646616541353386
5 0.67724609375 0.4182330827067669 0.09765625 0.2951127819548872
5 0.4716796875 0.4483082706766917 0.1171875 0.3383458646616541
1 0.40869140625 0.13439849624060152 0.048828125 0.08270676691729323
1 0.189453125 0.19830827067669174 0.05859375 0.10714285714285714
1 0.24462890625 0.19454887218045114 0.0439453125 0.07142857142857142
1 0.5029296875 0.15977443609022557 0.044921875 0.09022556390977443
1 0.37060546875 0.17857142857142858 0.0537109375 0.07894736842105263
1 0.31494140625 0.18703007518796994 0.05859375 0.08082706766917293
1 0.5439453125 0.17011278195488722 0.0537109375 0.09774436090225563
1 0.11083984375 0.23590225563909775 0.064453125 0.09398496240601503