5 0.8984375 0.7265625 0.064453125 0.146484375
5 0.0166015625 0.6640625 0.033203125 0.0859375
5 0.7109375 0.7607421875 0.125 0.232421875
5 0.837890625 0.8056640625 0.126953125 0.248046875
5 0.2705078125 0.75390625 0.1015625 0.216796875
5 0.5654296875 0.796875 0.1015625 0.236328125
1 0.0234375 0.6044921875 0.02734375 0.0234375
1 0.310546875 0.5947265625 0.060546875 0.0546875
1 0.375 0.623046875 0.033203125 0.03515625
1 0.580078125 0.630859375 0.06640625 0.078125
1 0.72265625 0.58984375 0.064453125 0.05859375
1 0.6591796875 0.6455078125 0.044921875 0.0390625
1 0.521484375 0.6357421875 0.029296875 0.029296875
1 0.828125 0.6171875 0.080078125 0.060546875
1 0.9013671875 0.619140625 0.044921875 0.05078125