2 0.8955078125 0.3232421875 0.10546875 0.134765625
2 0.4638671875 0.3857421875 0.056640625 0.12109375
2 0.6669921875 0.3876953125 0.04296875 0.07421875
2 0.115234375 0.4189453125 0.0859375 0.08203125
2 0.580078125 0.421875 0.056640625 0.087890625
5 0.671875 0.498046875 0.08984375 0.16015625
5 0.783203125 0.5 0.0546875 0.1875
5 0.4677734375 0.5595703125 0.10546875 0.25
5 0.9033203125 0.5654296875 0.16015625 0.349609375
5 0.587890625 0.630859375 0.109375 0.318359375
5 0.1376953125 0.6484375 0.19140625 0.322265625