2 0.903125 0.365625 0.11041666666666666 0.14375
2 0.46875 0.3828125 0.0625 0.128125
2 0.671875 0.4046875 0.04583333333333333 0.078125
2 0.12083333333333333 0.378125 0.08958333333333333 0.090625
2 0.5833333333333334 0.4296875 0.06041666666666667 0.09375
5 0.671875 0.5171875 0.09583333333333334 0.16875
5 0.7822916666666667 0.5296875 0.0625 0.19375
5 0.46458333333333335 0.55625 0.11666666666666667 0.259375
5 0.8989583333333333 0.6078125 0.17708333333333334 0.365625
5 0.58125 0.640625 0.12291666666666666 0.328125
5 0.13125 0.609375 0.20625 0.340625