4 0.642578125 0.3798828125 0.0986328125 0.2314453125
4 0.4365234375 0.427734375 0.091796875 0.259765625
4 0.2666015625 0.4462890625 0.125 0.2705078125
4 0.73828125 0.5 0.1103515625 0.2783203125
1 0.7236328125 0.240234375 0.08203125 0.08203125
1 0.642578125 0.1923828125 0.05859375 0.0927734375
1 0.5244140625 0.177734375 0.056640625 0.0615234375
1 0.58984375 0.2216796875 0.0439453125 0.0498046875
1 0.44921875 0.2177734375 0.0634765625 0.0859375
1 0.3916015625 0.2119140625 0.05078125 0.0830078125
1 0.34375 0.228515625 0.0439453125 0.07421875
1 0.2734375 0.2099609375 0.072265625 0.09765625
1 0.1826171875 0.2294921875 0.064453125 0.0654296875
1 0.2275390625 0.2392578125 0.0283203125 0.0244140625
1 0.1484375 0.2255859375 0.0244140625 0.0283203125
1 0.12109375 0.2373046875 0.0224609375 0.02734375
1 0.09375 0.2333984375 0.01953125 0.02734375
1 0.0791015625 0.240234375 0.021484375 0.02734375
1 0.052734375 0.2431640625 0.017578125 0.0234375
1 0.0166015625 0.2548828125 0.0205078125 0.0302734375