1 0.3984375 0.4345703125 0.064453125 0.0615234375
1 0.2509765625 0.4375 0.078125 0.0966796875
1 0.33203125 0.4501953125 0.041015625 0.046875
1 0.44921875 0.455078125 0.025390625 0.0498046875
1 0.662109375 0.458984375 0.033203125 0.046875
1 0.560546875 0.4697265625 0.044921875 0.0556640625
1 0.7138671875 0.478515625 0.0546875 0.0615234375
5 0.662109375 0.5126953125 0.033203125 0.1025390625
5 0.3349609375 0.5478515625 0.05859375 0.1318359375
5 0.5673828125 0.5830078125 0.07421875 0.1611328125
5 0.7099609375 0.591796875 0.0703125 0.1787109375
5 0.41015625 0.6181640625 0.119140625 0.259765625
5 0.240234375 0.6298828125 0.119140625 0.265625