5 0.4638671875 0.7392578125 0.078125 0.166015625
5 0.6240234375 0.7724609375 0.060546875 0.154296875
1 0.796875 0.7021484375 0.064453125 0.068359375
1 0.6123046875 0.64453125 0.046875 0.056640625
1 0.4609375 0.6015625 0.048828125 0.048828125
1 0.404296875 0.4931640625 0.03515625 0.056640625
1 0.419921875 0.421875 0.03515625 0.044921875
1 0.2744140625 0.3388671875 0.03125 0.046875
1 0.25 0.318359375 0.025390625 0.052734375
1 0.2060546875 0.291015625 0.03515625 0.0546875
1 0.1708984375 0.306640625 0.021484375 0.02734375
1 0.439453125 0.310546875 0.021484375 0.0234375
5 0.587890625 0.404296875 0.0390625 0.08203125
5 0.4482421875 0.3798828125 0.052734375 0.09375
5 0.39453125 0.6005859375 0.064453125 0.138671875
5 0.2744140625 0.439453125 0.076171875 0.130859375
0 0.453125 0.75390625 0.02734375 0.037109375
0 0.423828125 0.6435546875 0.0234375 0.037109375
0 0.162109375 0.3720703125 0.025390625 0.03515625
5 0.8125 0.822265625 0.1015625 0.138671875
5 0.3203125 0.404296875 0.037109375 0.1015625
0 0.650390625 0.3603515625 0.01171875 0.017578125