1 0.1904296875 0.388671875 0.103515625 0.115234375
1 0.77734375 0.291015625 0.134765625 0.15625
1 0.6005859375 0.3291015625 0.109375 0.099609375
1 0.50390625 0.3671875 0.10546875 0.12890625
1 0.0966796875 0.4462890625 0.123046875 0.107421875
1 0.34375 0.40234375 0.107421875 0.126953125
1 0.7177734375 0.38671875 0.119140625 0.119140625
4 0.2490234375 0.6611328125 0.1875 0.369140625
5 0.5478515625 0.6103515625 0.185546875 0.341796875
5 0.6513671875 0.5986328125 0.17578125 0.326171875
5 0.375 0.65625 0.208984375 0.35546875
4 0.15625 0.724609375 0.173828125 0.361328125
5 0.857421875 0.62109375 0.2109375 0.439453125