1 0.4609375 0.228515625 0.07421875 0.064453125
1 0.3203125 0.2685546875 0.076171875 0.072265625
1 0.763671875 0.275390625 0.033203125 0.0390625
1 0.8095703125 0.2744140625 0.05078125 0.048828125
1 0.6240234375 0.3125 0.052734375 0.080078125
4 0.83203125 0.4384765625 0.08984375 0.17578125
4 0.498046875 0.4833984375 0.14453125 0.28515625
4 0.669921875 0.4931640625 0.091796875 0.19140625
4 0.3408203125 0.54296875 0.123046875 0.310546875
1 0.6796875 0.2880859375 0.044921875 0.060546875
1 0.529296875 0.283203125 0.05078125 0.0546875