2 0.7314453125 0.171875 0.064453125 0.0771484375
2 0.8505859375 0.2177734375 0.06640625 0.0947265625
2 0.2822265625 0.220703125 0.0625 0.0830078125
2 0.5654296875 0.2255859375 0.0537109375 0.0888671875
2 0.072265625 0.2734375 0.0654296875 0.103515625
5 0.716796875 0.384765625 0.083984375 0.2724609375
5 0.7119140625 0.3876953125 0.0927734375 0.2587890625
5 0.830078125 0.4306640625 0.0869140625 0.271484375
5 0.5654296875 0.435546875 0.09375 0.28515625
5 0.2802734375 0.4501953125 0.1162109375 0.2802734375
5 0.1142578125 0.4560546875 0.0947265625 0.216796875