1 0.416015625 0.4130859375 0.076171875 0.07421875
1 0.271484375 0.3828125 0.09765625 0.111328125
1 0.34765625 0.4140625 0.05078125 0.0546875
1 0.4609375 0.4443359375 0.03515625 0.0546875
1 0.6669921875 0.49609375 0.04296875 0.052734375
1 0.5654296875 0.484375 0.056640625 0.064453125
1 0.712890625 0.52734375 0.06640625 0.072265625
5 0.6552734375 0.548828125 0.0546875 0.107421875
5 0.328125 0.509765625 0.0859375 0.142578125
5 0.546875 0.595703125 0.109375 0.173828125
5 0.68359375 0.63671875 0.109375 0.189453125
5 0.3857421875 0.5947265625 0.173828125 0.279296875
5 0.2177734375 0.568359375 0.17578125 0.28515625