2 0.046875 0.5993055555555555 0.01328125 0.015277777777777777
2 0.03828125 0.5701388888888889 0.01171875 0.015277777777777777
2 0.067578125 0.5868055555555556 0.0125 0.015277777777777777
2 0.225390625 0.6409722222222223 0.00859375 0.0125
2 0.2375 0.6430555555555556 0.0109375 0.0125
2 0.740625 0.7861111111111111 0.0109375 0.015277777777777777
2 0.765234375 0.7923611111111111 0.01015625 0.0125
2 0.5453125 0.7402777777777778 0.0140625 0.020833333333333332
2 0.55546875 0.7541666666666667 0.0109375 0.018055555555555554
2 0.9671875 0.8715277777777778 0.0125 0.018055555555555554
4 0.0453125 0.6659722222222222 0.0359375 0.09027777777777778
4 0.064453125 0.6305555555555555 0.02421875 0.058333333333333334
4 0.03515625 0.6083333333333333 0.0203125 0.05694444444444444
4 0.0328125 0.6291666666666667 0.01875 0.04861111111111111
4 0.219140625 0.6902777777777778 0.015625 0.06111111111111111
4 0.233203125 0.6923611111111111 0.0265625 0.058333333333333334
4 0.546875 0.8097222222222222 0.0234375 0.0763888888888889
4 0.537890625 0.8013888888888889 0.01484375 0.06805555555555555
4 0.533203125 0.7881944444444444 0.01796875 0.0763888888888889
2 0.54765625 0.7541666666666667 0.0078125 0.015277777777777777