2 0.0615234375 0.724609375 0.0126953125 0.0126953125
2 0.0498046875 0.697265625 0.0107421875 0.0126953125
2 0.0810546875 0.7060546875 0.01171875 0.0126953125
2 0.2412109375 0.7158203125 0.0078125 0.009765625
2 0.2529296875 0.71484375 0.009765625 0.009765625
2 0.7626953125 0.7158203125 0.009765625 0.0126953125
2 0.7880859375 0.71484375 0.0087890625 0.0107421875
2 0.5654296875 0.724609375 0.0126953125 0.0166015625
2 0.5771484375 0.7353515625 0.009765625 0.015625
2 0.994140625 0.7373046875 0.01171875 0.015625
4 0.0654296875 0.7900390625 0.029296875 0.0830078125
4 0.0810546875 0.75 0.0205078125 0.052734375
4 0.05078125 0.736328125 0.015625 0.052734375
4 0.0498046875 0.7578125 0.0146484375 0.044921875
4 0.2392578125 0.7666015625 0.0107421875 0.05859375
4 0.2529296875 0.7646484375 0.0224609375 0.052734375
4 0.5732421875 0.79296875 0.017578125 0.072265625
4 0.5634765625 0.787109375 0.0087890625 0.06640625
4 0.55859375 0.775390625 0.01171875 0.07421875
2 0.5693359375 0.73828125 0.0068359375 0.013671875