2 0.0537109375 0.708984375 0.013671875 0.013671875
2 0.04296875 0.681640625 0.01171875 0.013671875
2 0.07421875 0.69140625 0.01171875 0.013671875
2 0.2333984375 0.70703125 0.0078125 0.009765625
2 0.2451171875 0.7060546875 0.009765625 0.009765625
2 0.7548828125 0.724609375 0.009765625 0.013671875
2 0.7802734375 0.724609375 0.009765625 0.01171875
2 0.5576171875 0.7265625 0.013671875 0.017578125
2 0.5693359375 0.73828125 0.009765625 0.015625
2 0.9853515625 0.7548828125 0.01171875 0.015625
4 0.0556640625 0.7744140625 0.03125 0.083984375
4 0.072265625 0.7353515625 0.021484375 0.052734375
4 0.04296875 0.720703125 0.017578125 0.052734375
4 0.041015625 0.7421875 0.015625 0.044921875
4 0.23046875 0.7578125 0.013671875 0.05859375
4 0.244140625 0.755859375 0.0234375 0.052734375
4 0.5625 0.794921875 0.01953125 0.072265625
4 0.5537109375 0.7890625 0.01171875 0.06640625
4 0.548828125 0.77734375 0.013671875 0.07421875
2 0.560546875 0.740234375 0.0078125 0.013671875