2 0.0576171875 0.716796875 0.013671875 0.013671875
2 0.046875 0.689453125 0.01171875 0.013671875
2 0.0771484375 0.6982421875 0.01171875 0.013671875
2 0.2373046875 0.7109375 0.0078125 0.009765625
2 0.2490234375 0.7109375 0.009765625 0.009765625
2 0.7587890625 0.720703125 0.009765625 0.013671875
2 0.7841796875 0.7197265625 0.009765625 0.01171875
2 0.5615234375 0.7255859375 0.013671875 0.017578125
2 0.5732421875 0.736328125 0.009765625 0.015625
2 0.990234375 0.74609375 0.01171875 0.015625
4 0.060546875 0.7822265625 0.03125 0.083984375
4 0.0771484375 0.7421875 0.021484375 0.052734375
4 0.046875 0.728515625 0.015625 0.052734375
4 0.044921875 0.75 0.015625 0.044921875
4 0.234375 0.76171875 0.01171875 0.05859375
4 0.248046875 0.7607421875 0.0234375 0.052734375
4 0.568359375 0.7939453125 0.01953125 0.072265625
4 0.55859375 0.7880859375 0.009765625 0.06640625
4 0.5537109375 0.7763671875 0.013671875 0.07421875
2 0.5654296875 0.7392578125 0.0078125 0.013671875