4 0.5192548076923077 0.25720481927710837 0.1203605769230769 0.14262650602409635
4 0.5221634615384615 0.06790361445783133 0.1021394230769231 0.12544578313253013
4 0.7879326923076923 0.2527469879518072 0.11514423076923072 0.12342168674698795
2 0.8175961538461538 0.1643855421686747 0.07487980769230763 0.032722891566265074
4 0.7865144230769231 0.07556626506024096 0.13975961538461534 0.1270602409638554
4 0.9613461538461539 0.26469879518072287 0.07730769230769223 0.11631325301204819
4 0.9596153846153845 0.05236144578313253 0.08074519230769238 0.10472289156626506
2 0.7684615384615385 0.9793493975903614 0.10024038461538473 0.04130120481927708
2 0.7648317307692308 0.6507469879518072 0.0998317307692307 0.11387951807228913
4 0.7955048076923077 0.7900963855421687 0.15278846153846168 0.1235662650602409
4 0.7925961538461539 0.9058313253012048 0.17254807692307686 0.11308433734939748
4 0.29641826923076925 0.5336144578313253 0.08978365384615386 0.11024096385542169
4 0.41790865384615383 0.6062168674698796 0.15459134615384615 0.20383132530120476
2 0.4123317307692308 0.4674216867469879 0.09091346153846153 0.08802409638554223
4 0.8408413461538462 0.39387951807228916 0.11447115384615386 0.10963855421686747
4 0.927860576923077 0.5045783132530121 0.14427884615384612 0.11067469879518074
4 0.6291346153846155 0.392578313253012 0.06538461538461543 0.14146987951807224
4 0.7880048076923077 0.5644578313253013 0.16334134615384627 0.16503614457831328
4 0.3823076923076923 0.7677590361445783 0.11432692307692308 0.10351807228915672
4 0.37504807692307696 0.9085783132530121 0.1375721153846154 0.10633734939759035