4 0.5444711538461539 0.26024096385542167 0.1346153846153846 0.15421686746987953
4 0.5673076923076923 0.07228915662650602 0.11538461538461539 0.13493975903614458
4 0.8125 0.28433734939759037 0.12740384615384615 0.13493975903614458
2 0.8509615384615384 0.2 0.07692307692307693 0.04096385542168675
4 0.8293269230769231 0.10843373493975904 0.15144230769230768 0.14216867469879518
4 0.96875 0.3144578313253012 0.0625 0.12289156626506025
4 0.9783653846153846 0.10240963855421686 0.04326923076923077 0.11325301204819277
2 0.7175480769230769 0.9891566265060241 0.10336538461538461 0.021686746987951807
2 0.7475961538461539 0.6771084337349398 0.11057692307692307 0.12289156626506025
4 0.7632211538461539 0.8192771084337349 0.1658653846153846 0.13975903614457832
4 0.7487980769230769 0.9337349397590361 0.18269230769230768 0.13012048192771083
4 0.29447115384615385 0.5120481927710844 0.10096153846153846 0.1180722891566265
4 0.4074519230769231 0.5975903614457831 0.17548076923076922 0.21927710843373494
2 0.41586538461538464 0.4578313253012048 0.0985576923076923 0.0963855421686747
4 0.8497596153846154 0.43012048192771085 0.125 0.12048192771084337
4 0.9242788461538461 0.5493975903614458 0.15144230769230768 0.12530120481927712
4 0.6394230769230769 0.4072289156626506 0.07932692307692307 0.14698795180722893
4 0.7800480769230769 0.5939759036144578 0.18028846153846154 0.18072289156626506
4 0.3545673076923077 0.7542168674698795 0.125 0.11566265060240964
4 0.3329326923076923 0.8927710843373494 0.14903846153846154 0.12048192771084337