2 0.298828125 0.17421602787456447 0.07421875 0.08623693379790941
2 0.849609375 0.47081881533101044 0.08837890625 0.11585365853658537
2 0.18896484375 0.25435540069686413 0.0693359375 0.07752613240418119
2 0.468505859375 0.07317073170731707 0.08349609375 0.09320557491289198
2 0.652587890625 0.1485191637630662 0.068359375 0.09146341463414634
3 0.682373046875 0.5840592334494773 0.02978515625 0.09494773519163763
3 0.52294921875 0.5056620209059234 0.0478515625 0.07578397212543554
3 0.77099609375 0.7299651567944251 0.046875 0.09407665505226481
3 0.873046875 0.7608885017421603 0.072265625 0.08188153310104529
3 0.119384765625 0.3945993031358885 0.0361328125 0.07055749128919861
3 0.11181640625 0.4259581881533101 0.03759765625 0.06358885017421603
3 0.28857421875 0.6990418118466899 0.03857421875 0.06794425087108014