2 0.27025892857142864 0.2415370831259333 0.06882440476190477 0.06568840219014434
2 0.8414613095238096 0.3628737348597976 0.0807351190476191 0.09189049278247886
2 0.16987202380952382 0.3545644599303136 0.06450892857142859 0.05843039654886343
2 0.42755952380952383 0.0895915048946408 0.07786607142857138 0.06989347934295671
2 0.6161845238095239 0.10665604778496765 0.06222619047619049 0.07304728720756597
3 0.6877202380952381 0.5261974448315911 0.021205357142857206 0.08943222166915538
3 0.5231160714285715 0.49836535589845693 0.04224404761904754 0.06361241081798572
3 0.7893482142857143 0.642506056080969 0.03940178571428565 0.08331043636966992
3 0.8926964285714286 0.6413008130081301 0.06731547619047618 0.062247884519661574
3 0.11504464285714287 0.5142830595652896 0.030630952380952398 0.06223726563796259
3 0.11043750000000001 0.54747237431558 0.03286309523809525 0.0545598141695702
3 0.3112053571428572 0.7615012444001992 0.033169642857142856 0.05867994026879049