2 0.6378968253968254 0.09259259259259259 0.09474206349206349 0.09523809523809523
2 0.16344246031746032 0.4470899470899471 0.0873015873015873 0.08333333333333333
2 0.550843253968254 0.2662037037037037 0.07291666666666667 0.07605820105820106
2 0.3854166666666667 0.19345238095238096 0.07589285714285714 0.07407407407407407
2 0.503968253968254 0.35383597883597884 0.0818452380952381 0.08465608465608465
2 0.23809523809523808 0.2533068783068783 0.08333333333333333 0.07473544973544974
2 0.33134920634920634 0.46494708994708994 0.08134920634920635 0.0873015873015873
2 0.37524801587301587 0.3726851851851852 0.08531746031746032 0.1078042328042328
2 0.45089285714285715 0.2933201058201058 0.0689484126984127 0.07804232804232804
4 0.7013888888888888 0.3726851851851852 0.22668650793650794 0.3915343915343915
4 0.2693452380952381 0.42824074074074076 0.13392857142857142 0.1779100529100529
3 0.576140873015873 0.6712962962962963 0.05357142857142857 0.082010582010582
3 0.1701388888888889 0.8154761904761905 0.044642857142857144 0.07936507936507936
3 0.27033730158730157 0.7691798941798942 0.05109126984126984 0.07605820105820106
3 0.36755952380952384 0.7195767195767195 0.05257936507936508 0.06415343915343916
3 0.39856150793650796 0.6911375661375662 0.04513888888888889 0.08068783068783068
3 0.4957837301587302 0.7023809523809523 0.03869047619047619 0.07076719576719577
3 0.5553075396825397 0.6693121693121693 0.042162698412698416 0.06349206349206349
3 0.6574900793650794 0.5823412698412699 0.043154761904761904 0.0701058201058201
3 0.8015873015873016 0.49173280423280424 0.056051587301587304 0.082010582010582