2 0.7299107142857143 0.1746031746031746 0.0873015873015873 0.07605820105820106
2 0.19469246031746032 0.3039021164021164 0.0818452380952381 0.06481481481481481
2 0.6051587301587301 0.3012566137566138 0.06746031746031746 0.061507936507936505
2 0.46651785714285715 0.16038359788359788 0.07093253968253968 0.0582010582010582
2 0.5394345238095238 0.36342592592592593 0.07539682539682539 0.06878306878306878
2 0.3125 0.1531084656084656 0.07837301587301587 0.057539682539682536
2 0.3492063492063492 0.39351851851851855 0.0744047619047619 0.07142857142857142
2 0.4131944444444444 0.3253968253968254 0.07539682539682539 0.09259259259259259
2 0.503968253968254 0.2830687830687831 0.0625 0.06481481481481481
4 0.7214781746031746 0.4669312169312169 0.18303571428571427 0.36044973544973546
4 0.2996031746031746 0.33201058201058203 0.11706349206349206 0.15476190476190477
3 0.5300099206349206 0.6947751322751323 0.04513888888888889 0.07341269841269842
3 0.1111111111111111 0.6550925925925926 0.03571428571428571 0.07407407407407407
3 0.21726190476190477 0.6547619047619048 0.043154761904761904 0.06812169312169312
3 0.3211805555555556 0.6501322751322751 0.04662698412698413 0.05489417989417989
3 0.357390873015873 0.6365740740740741 0.036210317460317464 0.07473544973544974
3 0.4466765873015873 0.689484126984127 0.030753968253968252 0.06613756613756613
3 0.5111607142857143 0.6841931216931217 0.03571428571428571 0.056878306878306875
3 0.6287202380952381 0.646494708994709 0.03571428571428571 0.06415343915343916
3 0.7872023809523809 0.623015873015873 0.047619047619047616 0.07341269841269842