2 0.78046875 0.203125 0.0921875 0.071875
2 0.521875 0.153125 0.0828125 0.0671875
2 0.365625 0.13828125 0.078125 0.0578125
2 0.22734375 0.259375 0.0859375 0.0703125
2 0.36328125 0.378125 0.0890625 0.071875
2 0.44609375 0.31875 0.075 0.075
2 0.53203125 0.28984375 0.08125 0.075
2 0.5609375 0.36875 0.0765625 0.0765625
2 0.63359375 0.3140625 0.06875 0.0640625
3 0.76640625 0.65546875 0.0515625 0.071875
3 0.49296875 0.70078125 0.046875 0.059375
3 0.09140625 0.61171875 0.04375 0.065625
3 0.19765625 0.621875 0.0484375 0.0671875
3 0.30390625 0.6296875 0.046875 0.0546875
3 0.33671875 0.615625 0.0375 0.0671875
4 0.72265625 0.46640625 0.1859375 0.3125