3 0.05834375000000001 0.616703125 0.0411875 0.07673437500000002
3 0.24885937500000002 0.5582499999999999 0.028421874999999996 0.045265625000000045
3 0.36526562500000004 0.48940625000000004 0.02639062499999998 0.03662500000000009
3 0.3706875 0.5096406250000001 0.041156249999999964 0.03607812500000005
3 0.533578125 0.485375 0.025546875000000035 0.05181249999999995
3 0.656765625 0.478203125 0.024703124999999916 0.03670312500000002
3 0.292390625 0.224625 0.018718750000000027 0.027937499999999994
3 0.8159531250000001 0.36596875 0.026999999999999958 0.04104687499999997
3 0.869703125 0.384484375 0.013312499999999972 0.033343750000000005
2 0.060125 0.1394375 0.022859374999999998 0.017249999999999988
2 0.11415625 0.13773437500000002 0.020999999999999998 0.019156249999999986
2 0.133046875 0.145796875 0.021656250000000023 0.019234375000000005
2 0.25768749999999996 0.1463125 0.03171875000000002 0.028984375000000017
2 0.30098437499999997 0.14884375 0.019374999999999965 0.02025000000000001
2 0.352 0.16209374999999998 0.028187500000000032 0.03157812500000001
2 0.46615624999999994 0.15190625 0.026109375000000056 0.023578125000000005
2 0.18675 0.24651562500000002 0.06515625000000003 0.04642187499999997
2 0.43890624999999994 0.252734375 0.045781249999999926 0.05278124999999996
2 0.56434375 0.215 0.04417187499999997 0.05095312500000002
2 0.7088281249999999 0.214859375 0.05687499999999997 0.05471875
4 0.841015625 0.3310937500000001 0.06510937500000011 0.14143750000000002