3 0.0703125 0.6546875 0.0484375 0.0796875
3 0.2546875 0.5796875 0.0328125 0.046875
3 0.36484375 0.5015625 0.0296875 0.0390625
3 0.371875 0.52109375 0.04375 0.0390625
3 0.53203125 0.4828125 0.0296875 0.053125
3 0.65390625 0.46484375 0.028125 0.0390625
3 0.26953125 0.24375 0.0203125 0.0296875
3 0.803125 0.3390625 0.03125 0.04375
3 0.85859375 0.35234375 0.015625 0.034375
2 0.03046875 0.17890625 0.025 0.01875
2 0.084375 0.17265625 0.021875 0.0203125
2 0.10390625 0.17890625 0.0234375 0.0203125
2 0.228125 0.16875 0.034375 0.03125
2 0.27109375 0.1671875 0.0203125 0.021875
2 0.3234375 0.1765625 0.03125 0.034375
2 0.4359375 0.15625 0.028125 0.025
2 0.165625 0.275 0.06875 0.0515625
2 0.41796875 0.259375 0.05 0.05625
2 0.5390625 0.21015625 0.0484375 0.0546875
2 0.6828125 0.19765625 0.0609375 0.059375
4 0.825 0.30234375 0.0765625 0.146875