2 0.35676562500000003 0.07223437499999999 0.06864062500000001 0.045
2 0.45042187499999997 0.14171875 0.06560937500000001 0.03821875000000001
2 0.5978749999999999 0.17815625000000002 0.060812499999999936 0.05165625000000003
2 0.6468906249999999 0.19242187500000002 0.045609375000000084 0.04260937499999999
2 0.705546875 0.249453125 0.06193749999999998 0.04437499999999996
3 0.269890625 0.49682812500000006 0.057015625000000014 0.07860937499999991
3 0.4214375 0.54040625 0.03249999999999993 0.06110937500000002
3 0.63859375 0.558109375 0.03629687500000003 0.04368750000000006
3 0.7154843750000001 0.6056874999999999 0.04875000000000007 0.05970312500000006
3 0.7950312500000001 0.596890625 0.03795312500000003 0.04360937499999995
3 0.5131249999999999 0.24621875000000001 0.03660937499999992 0.05876562500000002
3 0.430578125 0.312359375 0.04543750000000006 0.06370312499999997