2 0.064 0.21621621621621623 0.086 0.07207207207207207
2 0.147 0.22072072072072071 0.09 0.07507507507507508
2 0.344 0.25375375375375375 0.058 0.04504504504504504
2 0.507 0.25675675675675674 0.072 0.057057057057057055
2 0.688 0.2072072072072072 0.08 0.07507507507507508
2 0.81 0.25975975975975973 0.074 0.057057057057057055
4 0.813 0.5435435435435435 0.096 0.34534534534534533
4 0.705 0.5540540540540541 0.116 0.43543543543543545
4 0.504 0.5540540540540541 0.144 0.36036036036036034
4 0.338 0.5075075075075075 0.114 0.2822822822822823
4 0.136 0.521021021021021 0.122 0.3663663663663664
4 0.041 0.5675675675675675 0.082 0.5105105105105106