2 0.09921875 0.321875 0.078125 0.0421875
2 0.2484375 0.4109375 0.059375 0.040625
2 0.36015625 0.37421875 0.0640625 0.040625
2 0.53828125 0.3359375 0.0546875 0.0390625
2 0.68046875 0.3890625 0.0515625 0.0375
2 0.7640625 0.48046875 0.05 0.0359375
2 0.8578125 0.325 0.065625 0.0390625
3 0.02734375 0.659375 0.04375 0.071875
3 0.9546875 0.61015625 0.0359375 0.0640625
3 0.8015625 0.68671875 0.028125 0.0359375
3 0.61015625 0.6234375 0.034375 0.0578125
3 0.478125 0.6109375 0.0359375 0.0484375
3 0.41484375 0.55625 0.0703125 0.0390625
4 0.09765625 0.51484375 0.134375 0.2296875
4 0.88046875 0.48828125 0.1359375 0.2234375
3 0.228125 0.69609375 0.040625 0.053125