2 0.10240625 0.315203125 0.07790624999999998 0.04020312500000003
2 0.250375 0.4066875 0.059328125000000044 0.03993749999999996
2 0.362171875 0.372109375 0.06295312500000003 0.039687499999999966
2 0.541109375 0.336390625 0.05389062500000001 0.03826562500000001
2 0.6824375 0.39190625 0.05028124999999992 0.0361875
2 0.764109375 0.48534375 0.04867187499999996 0.03470312500000006
2 0.86096875 0.33121875 0.06437500000000007 0.038406249999999975
3 0.024531249999999998 0.650828125 0.042 0.07117187499999993
3 0.952953125 0.617890625 0.03551562500000003 0.06387499999999999
3 0.7980937499999999 0.6915625000000001 0.02748437499999996 0.034890625000000064
3 0.607921875 0.625703125 0.03412500000000005 0.05768749999999993
3 0.47646875 0.610828125 0.03432812500000004 0.04779687500000005
3 0.41392187500000005 0.554421875 0.06990625000000002 0.03751562499999998
4 0.09768750000000001 0.507984375 0.130984375 0.22759374999999996
4 0.8806875 0.49528125 0.13131249999999994 0.221484375
3 0.224828125 0.691109375 0.03949999999999996 0.05290625000000002