2 0.12421875 0.275 0.08125 0.0484375
2 0.26171875 0.38125 0.0625 0.0453125
2 0.3765625 0.35859375 0.0671875 0.0453125
2 0.5578125 0.34140625 0.0578125 0.04375
2 0.69296875 0.41171875 0.053125 0.040625
2 0.7640625 0.51328125 0.0515625 0.0390625
2 0.8765625 0.36953125 0.06875 0.0453125
3 0.01796875 0.6 0.0359375 0.075
3 0.93828125 0.66484375 0.0421875 0.0671875
3 0.7765625 0.721875 0.03125 0.0375
3 0.59453125 0.6359375 0.040625 0.0609375
3 0.46484375 0.6078125 0.0390625 0.0515625
3 0.40859375 0.5453125 0.0734375 0.0453125
4 0.09921875 0.465625 0.1546875 0.240625
4 0.87890625 0.53515625 0.153125 0.234375
3 0.20625 0.6609375 0.0453125 0.05625