1 0.55546875 0.43984375 0.0375 0.046875
1 0.69140625 0.2203125 0.0265625 0.034375
1 0.62109375 0.55078125 0.03125 0.0484375
1 0.56484375 0.65625 0.028125 0.0375
1 0.63984375 0.7609375 0.0296875 0.034375
1 0.465625 0.95546875 0.03125 0.0328125
1 0.83671875 0.765625 0.0453125 0.0515625
0 0.6921875 0.3234375 0.021875 0.0296875
0 0.6640625 0.15625 0.0265625 0.0328125
0 0.56328125 0.509375 0.03125 0.028125
0 0.5453125 0.61015625 0.0234375 0.0359375
0 0.51796875 0.70625 0.01875 0.0203125
0 0.621875 0.6078125 0.0234375 0.028125