1 0.5390625 0.428125 0.028125 0.040625
1 0.61796875 0.18203125 0.0203125 0.0296875
1 0.6296875 0.5203125 0.021875 0.04375
1 0.60078125 0.6359375 0.0203125 0.034375
1 0.69921875 0.71953125 0.0234375 0.0296875
1 0.5765625 0.95 0.025 0.028125
1 0.89140625 0.6765625 0.0359375 0.04375
0 0.64375 0.28203125 0.015625 0.0265625
0 0.57578125 0.1265625 0.0203125 0.028125
0 0.56328125 0.49375 0.0265625 0.021875
0 0.5703125 0.59609375 0.015625 0.0328125
0 0.5671875 0.69609375 0.015625 0.0171875
0 0.64453125 0.575 0.0171875 0.025