0 0.16796875 0.8703125 0.1796875 0.259375
0 0.28125 0.853125 0.146875 0.29375
0 0.39765625 0.85 0.1546875 0.3
0 0.52109375 0.83515625 0.1734375 0.3296875
0 0.64453125 0.81328125 0.165625 0.3265625
0 0.79375 0.796875 0.140625 0.2890625
0 0.89140625 0.76953125 0.1359375 0.309375
0 0.959375 0.75078125 0.08125 0.3265625
0 0.0859375 0.49296875 0.171875 0.2640625
0 0.3484375 0.45390625 0.15 0.2296875
0 0.48984375 0.4296875 0.1296875 0.221875
0 0.603125 0.3921875 0.13125 0.20625
0 0.88203125 0.35390625 0.128125 0.2171875
0 0.88046875 0.1234375 0.1578125 0.246875
0 0.52265625 0.1578125 0.1359375 0.203125
0 0.38203125 0.265625 0.221875 0.403125
0 0.221875 0.21953125 0.2328125 0.275
0 0.08984375 0.2875 0.1796875 0.328125