0 0.10234375 0.84296875 0.1265625 0.3140625
0 0.21875 0.834375 0.090625 0.33125
0 0.3375 0.83671875 0.103125 0.3078125
0 0.46328125 0.834375 0.1203125 0.315625
0 0.58828125 0.83359375 0.1140625 0.3109375
0 0.7375 0.84296875 0.09375 0.2765625
0 0.83828125 0.83359375 0.0859375 0.2984375
0 0.93828125 0.83203125 0.0859375 0.3171875
0 0.08671875 0.42109375 0.1453125 0.2421875
0 0.35859375 0.428125 0.1140625 0.2125
0 0.50234375 0.42890625 0.0953125 0.2078125
0 0.6203125 0.41171875 0.1 0.1921875
0 0.9015625 0.42265625 0.09375 0.2046875
0 0.94140625 0.1875 0.1171875 0.246875
0 0.58203125 0.1671875 0.1046875 0.1875
0 0.42421875 0.2484375 0.1578125 0.38125
0 0.275 0.17578125 0.19375 0.2453125
0 0.11640625 0.21640625 0.1640625 0.3046875