1 0.19375 0.325 0.06875 0.05625
1 0.28828125 0.31796875 0.0734375 0.0609375
1 0.36484375 0.32578125 0.0546875 0.0578125
1 0.4625 0.30859375 0.053125 0.0484375
1 0.55703125 0.3203125 0.0578125 0.059375
1 0.653125 0.30859375 0.059375 0.0546875
1 0.7140625 0.3015625 0.065625 0.05625
1 0.49453125 0.56328125 0.0640625 0.0578125
1 0.32265625 0.56875 0.0765625 0.05625
5 0.184375 0.534375 0.09375 0.2375
5 0.28125 0.48203125 0.08125 0.1828125
5 0.36484375 0.5328125 0.0828125 0.215625
5 0.4546875 0.4953125 0.09375 0.209375
5 0.55390625 0.5125 0.0890625 0.2
5 0.65390625 0.5140625 0.0671875 0.2375
5 0.71875 0.53046875 0.084375 0.2796875
5 0.31328125 0.7671875 0.1140625 0.23125
5 0.4796875 0.7734375 0.146875 0.253125
0 0.46171875 0.8921875 0.0640625 0.078125
0 0.53515625 0.86875 0.0328125 0.090625
0 0.15625 0.6890625 0.040625 0.075