1 0.14453125 0.41328125 0.053125 0.06875
1 0.3671875 0.3875 0.0625 0.0546875
1 0.50859375 0.37109375 0.0703125 0.090625
1 0.728125 0.42265625 0.1 0.0734375
1 0.96875 0.43828125 0.0625 0.0953125
5 0.909375 0.56953125 0.134375 0.23125
5 0.7015625 0.60078125 0.1203125 0.209375
5 0.5171875 0.54921875 0.128125 0.1953125
5 0.37109375 0.53828125 0.115625 0.2078125
5 0.1375 0.55625 0.1234375 0.1703125
0 0.09375 0.63828125 0.0359375 0.0375
0 0.23046875 0.41953125 0.0453125 0.065625
0 0.359375 0.5 0.0453125 0.0578125
0 0.62421875 0.71015625 0.040625 0.1
0 0.43828125 0.63828125 0.0609375 0.0765625
0 0.56953125 0.56640625 0.0359375 0.0609375
0 0.74453125 0.753125 0.0546875 0.059375
0 0.92265625 0.6328125 0.05625 0.06875