1 0.14140625 0.42578125 0.0515625 0.0671875
1 0.36328125 0.3921875 0.0609375 0.053125
1 0.50390625 0.37109375 0.0671875 0.0890625
1 0.725 0.41484375 0.096875 0.0703125
1 0.96875 0.421875 0.0625 0.09375
5 0.91171875 0.55546875 0.1265625 0.2265625
5 0.7046875 0.59375 0.1125 0.20625
5 0.51875 0.5484375 0.121875 0.190625
5 0.37265625 0.54296875 0.1078125 0.2046875
5 0.13984375 0.56875 0.1171875 0.165625
0 0.0984375 0.65234375 0.034375 0.0359375
0 0.228125 0.42890625 0.04375 0.0640625
0 0.359375 0.5046875 0.04375 0.05625
0 0.63125 0.70546875 0.0375 0.0984375
0 0.44296875 0.640625 0.0578125 0.075
0 0.571875 0.5640625 0.034375 0.059375
0 0.753125 0.74453125 0.053125 0.0578125
0 0.92734375 0.61796875 0.0546875 0.0671875