1 0.13984375 0.43203125 0.053125 0.06875
1 0.36171875 0.39453125 0.0625 0.0546875
1 0.5015625 0.37109375 0.06875 0.090625
1 0.7234375 0.4109375 0.0984375 0.071875
1 0.9671875 0.4140625 0.0640625 0.0953125
5 0.9125 0.5484375 0.13125 0.228125
5 0.70625 0.58984375 0.115625 0.2078125
5 0.51953125 0.5484375 0.125 0.1921875
5 0.3734375 0.5453125 0.1109375 0.20625
5 0.14140625 0.575 0.1203125 0.1671875
0 0.10078125 0.659375 0.034375 0.0359375
0 0.2265625 0.43359375 0.0453125 0.0640625
0 0.359375 0.50703125 0.0453125 0.05625
0 0.63515625 0.703125 0.0390625 0.0984375
0 0.4453125 0.64140625 0.059375 0.0765625
0 0.57265625 0.5625 0.0359375 0.059375
0 0.75703125 0.73984375 0.0546875 0.059375
0 0.9296875 0.61015625 0.05625 0.06875