0 0.9125 0.21875 0.065625 0.0875
0 0.6703125 0.2953125 0.06875 0.096875
0 0.34375 0.221875 0.0625 0.0875
0 0.22734375 0.25234375 0.0578125 0.0515625
0 0.47890625 0.3390625 0.0453125 0.059375
5 0.2046875 0.30625 0.115625 0.240625
5 0.38515625 0.37578125 0.1140625 0.2546875
5 0.5703125 0.353125 0.128125 0.2
1 0.2078125 0.1046875 0.09375 0.065625
1 0.40546875 0.16796875 0.0765625 0.0671875
1 0.56953125 0.13828125 0.0765625 0.0765625
1 0.76484375 0.1484375 0.0703125 0.075
5 0.7796875 0.3609375 0.128125 0.25