1 0.4111328125 0.402046783625731 0.072265625 0.08187134502923976
1 0.2666015625 0.35453216374269003 0.0908203125 0.11988304093567251
1 0.34375 0.39473684210526316 0.046875 0.059941520467836254
1 0.45751953125 0.43859649122807015 0.0322265625 0.05701754385964912
1 0.6640625 0.5146198830409356 0.0390625 0.05701754385964912
1 0.5634765625 0.4904970760233918 0.0517578125 0.06871345029239766
1 0.7119140625 0.5504385964912281 0.0625 0.07894736842105263
5 0.65576171875 0.5672514619883041 0.0478515625 0.1111111111111111
5 0.33203125 0.49122807017543857 0.0771484375 0.1476608187134503
5 0.55322265625 0.6038011695906432 0.0966796875 0.18128654970760233
5 0.69091796875 0.6600877192982456 0.095703125 0.19736842105263158
5 0.39453125 0.5847953216374269 0.1552734375 0.29385964912280704
5 0.2275390625 0.5394736842105263 0.15625 0.2997076023391813