1 0.45263671875 0.20018796992481203 0.0556640625 0.08646616541353383
1 0.6025390625 0.17387218045112782 0.0556640625 0.09398496240601503
1 0.65234375 0.17387218045112782 0.0576171875 0.09398496240601503
5 0.55712890625 0.37875939849624063 0.0947265625 0.2894736842105263
5 0.3271484375 0.43139097744360905 0.107421875 0.34774436090225563
5 0.21240234375 0.4680451127819549 0.12109375 0.34398496240601506
5 0.119140625 0.5093984962406015 0.1484375 0.34398496240601506
5 0.67578125 0.4069548872180451 0.1025390625 0.3007518796992481
5 0.470703125 0.450187969924812 0.1220703125 0.34398496240601506
1 0.40234375 0.14097744360902256 0.0498046875 0.08646616541353383
1 0.18408203125 0.21898496240601503 0.0595703125 0.11090225563909774
1 0.2392578125 0.21146616541353383 0.044921875 0.07330827067669173
1 0.49658203125 0.15977443609022557 0.0458984375 0.09210526315789473
1 0.365234375 0.18703007518796994 0.0546875 0.08082706766917293
1 0.30908203125 0.19924812030075187 0.0595703125 0.08458646616541353
1 0.53759765625 0.16729323308270677 0.0556640625 0.09962406015037593
1 0.1064453125 0.26221804511278196 0.0654296875 0.09774436090225563