2 0.16328125 0.4515625 0.0421875 0.0265625
2 0.271875 0.4578125 0.0453125 0.0296875
2 0.3828125 0.42109375 0.0421875 0.0328125
2 0.4609375 0.45 0.034375 0.025
2 0.5296875 0.42265625 0.034375 0.028125
2 0.590625 0.4453125 0.0328125 0.021875
2 0.671875 0.475 0.0453125 0.0328125
2 0.74609375 0.384375 0.0359375 0.0296875
2 0.86484375 0.41484375 0.0390625 0.025
4 0.871875 0.56171875 0.0921875 0.1546875
4 0.16953125 0.59296875 0.096875 0.1640625
4 0.26953125 0.5875 0.0875 0.146875
4 0.3875 0.5578125 0.0859375 0.1578125
4 0.46796875 0.5765625 0.0703125 0.15625
4 0.5359375 0.54765625 0.0734375 0.1296875
4 0.59609375 0.57265625 0.078125 0.140625
4 0.67421875 0.6046875 0.084375 0.1484375