2 0.9104166666666667 0.4296875 0.11875 0.159375
2 0.47708333333333336 0.378125 0.06875 0.134375
2 0.6770833333333334 0.4328125 0.05 0.084375
2 0.13125 0.3203125 0.09375 0.103125
2 0.5885416666666666 0.44375 0.06458333333333334 0.1
5 0.6697916666666667 0.54375 0.10625 0.18125
5 0.7791666666666667 0.5734375 0.075 0.2
5 0.46145833333333336 0.55 0.13333333333333333 0.275
5 0.8895833333333333 0.6703125 0.19791666666666666 0.3875
5 0.5708333333333333 0.6515625 0.14375 0.340625
5 0.12604166666666666 0.5515625 0.225 0.365625