2 0.3993333333333333 0.3819444444444444 0.06266666666666666 0.08611111111111111
2 0.30666666666666664 0.44305555555555554 0.06266666666666666 0.10833333333333334
2 0.18533333333333332 0.5277777777777778 0.07733333333333334 0.10833333333333334
2 0.496 0.5111111111111111 0.05466666666666667 0.09444444444444444
5 0.582 0.5708333333333333 0.12666666666666668 0.36666666666666664
5 0.742 0.5333333333333333 0.13333333333333333 0.3194444444444444
4 0.4186666666666667 0.6305555555555555 0.112 0.3138888888888889
5 0.8746666666666667 0.5347222222222222 0.13866666666666666 0.37777777777777777
4 0.32133333333333336 0.7013888888888888 0.12933333333333333 0.3333333333333333
4 0.20266666666666666 0.7763888888888889 0.14533333333333334 0.325
4 0.5226666666666666 0.7583333333333333 0.11466666666666667 0.2777777777777778