2 0.8625 0.203125 0.12083333333333333 0.1625
2 0.44895833333333335 0.4 0.07291666666666667 0.1375
2 0.6479166666666667 0.3375 0.052083333333333336 0.0875
2 0.1125 0.540625 0.09583333333333334 0.10625
2 0.5677083333333334 0.3984375 0.06666666666666667 0.103125
5 0.6677083333333333 0.4453125 0.11041666666666666 0.184375
5 0.7770833333333333 0.4109375 0.07916666666666666 0.2
5 0.47708333333333336 0.56875 0.13958333333333334 0.278125
5 0.9 0.4375 0.2 0.39375
5 0.6041666666666666 0.6015625 0.15 0.346875
5 0.165625 0.7578125 0.23125 0.375