1 0.46923828125 0.19266917293233082 0.0517578125 0.07706766917293233
1 0.61962890625 0.19642857142857142 0.0517578125 0.08458646616541353
1 0.66943359375 0.20676691729323307 0.0537109375 0.08270676691729323
5 0.5634765625 0.39097744360902253 0.080078125 0.2744360902255639
5 0.33203125 0.3966165413533835 0.08984375 0.3308270676691729
5 0.2158203125 0.4107142857142857 0.103515625 0.325187969924812
5 0.12060546875 0.4323308270676692 0.1318359375 0.31954887218045114
5 0.6796875 0.4426691729323308 0.087890625 0.28383458646616544
5 0.4736328125 0.44454887218045114 0.10546875 0.325187969924812
1 0.42236328125 0.1231203007518797 0.0458984375 0.07706766917293233
1 0.201171875 0.15695488721804512 0.0546875 0.09962406015037593
1 0.25634765625 0.16071428571428573 0.0419921875 0.06578947368421052
1 0.51513671875 0.16071428571428573 0.0419921875 0.08458646616541353
1 0.3828125 0.16165413533834586 0.05078125 0.07142857142857142
1 0.32666015625 0.162593984962406 0.0556640625 0.07330827067669173
1 0.5556640625 0.17669172932330826 0.05078125 0.09022556390977443
1 0.12158203125 0.18421052631578946 0.0615234375 0.08646616541353383