2 0.408 0.3541666666666667 0.058666666666666666 0.06944444444444445
2 0.31266666666666665 0.3875 0.05733333333333333 0.09166666666666666
2 0.18666666666666668 0.4361111111111111 0.072 0.08888888888888889
2 0.49533333333333335 0.5097222222222222 0.04933333333333333 0.08055555555555556
5 0.5766666666666667 0.5944444444444444 0.10533333333333333 0.3388888888888889
5 0.7373333333333333 0.6027777777777777 0.11466666666666667 0.28888888888888886
4 0.4106666666666667 0.6055555555555555 0.09333333333333334 0.28888888888888886
5 0.8686666666666667 0.6430555555555556 0.116 0.3472222222222222
4 0.30933333333333335 0.6472222222222223 0.10933333333333334 0.3055555555555556
4 0.18733333333333332 0.6875 0.12666666666666668 0.2916666666666667
4 0.5053333333333333 0.7625 0.09866666666666667 0.25277777777777777