2 0.73125 0.17175925925925925 0.06458333333333334 0.07685185185185185
2 0.8510416666666667 0.2175925925925926 0.06666666666666667 0.09444444444444444
2 0.28229166666666666 0.22037037037037038 0.0625 0.08333333333333333
2 0.5651041666666666 0.22592592592592592 0.05416666666666667 0.08888888888888889
2 0.071875 0.27314814814814814 0.065625 0.1037037037037037
5 0.7166666666666667 0.3851851851851852 0.084375 0.2722222222222222
5 0.7122395833333334 0.38796296296296295 0.09322916666666667 0.25925925925925924
5 0.8302083333333333 0.4310185185185185 0.08645833333333333 0.2712962962962963
5 0.5651041666666666 0.4351851851851852 0.09375 0.2851851851851852
5 0.28020833333333334 0.45046296296296295 0.11666666666666667 0.28055555555555556
5 0.11380208333333333 0.4564814814814815 0.09427083333333333 0.21666666666666667