2 0.16495312499999998 0.44020312500000003 0.041437500000000016 0.025296875000000087
2 0.27321875 0.449625 0.04392187500000002 0.028062500000000056
2 0.38565625 0.4171875 0.04045312499999998 0.030656250000000006
2 0.46287500000000004 0.44889062500000004 0.03373437500000005 0.023093749999999958
2 0.532671875 0.42368750000000005 0.03401562499999997 0.02634375000000002
2 0.59265625 0.448828125 0.031906249999999935 0.021421875000000055
2 0.672265625 0.48128125 0.04460937499999993 0.03134374999999991
2 0.750203125 0.392734375 0.034828124999999946 0.02793750000000004
2 0.867375 0.42756249999999996 0.03896875000000009 0.024125000000000084
4 0.8694062499999999 0.574734375 0.08684374999999989 0.15137499999999998
4 0.16678124999999996 0.581375 0.09092187499999997 0.16045312499999992
4 0.267 0.5795625 0.08312499999999998 0.14367187500000006
4 0.385765625 0.553859375 0.08056249999999995 0.15565625
4 0.46501562500000004 0.5753125 0.06506249999999998 0.15362500000000007
4 0.534625 0.54925 0.06957812499999996 0.1269375
4 0.59321875 0.5762031249999999 0.07353125000000009 0.13795312499999995
4 0.6701406249999999 0.610734375 0.07884375000000006 0.14526562500000004